Phone1	PhonEnv	Phone2	Surprisal
b	#|S|	b	0.0
b	#|S|<	b	0.0
b	#|S|<_F	b	0.0
b	#|S|<_R	b	0.0
b	#|S|F	b	0.0
b	#|S|R	b	0.0
b	|S|<	b	0.0
b	|S|<_F	b	0.0
b	|S|<_R	b	0.0
b	|S|F	b	0.0
b	|S|R	b	0.0
d	#|S|	θ	0.923
d	#|S|	d	3.655
d	#|S|	ð	4.977
d	#|S|<	θ	0.955
d	#|S|<	d	4.07
d	#|S|<	ð	5.392
d	#|S|<_F	θ	0.933
d	#|S|<_F	d	4.392
d	#|S|<_R	θ	1.239
d	#|S|<_R	d	4.392
d	#|S|F	θ	0.917
d	#|S|F	d	4.07
d	#|S|F	ð	5.392
d	#|S|R	θ	1.198
d	#|S|R	d	4.07
d	#|S|R	ð	5.392
d	>|S|	d	1.011
d	>|S|	θ	2.277
d	>|S|	ð	2.333
d	>|S|	dː	3.333
d	>|S|<	d	0.921
d	>|S|<	ð	2.243
d	>|S|<	θ	2.692
d	>|S|<	dː	3.243
d	F_>|S|	d	1.202
d	F_>|S|	ð	2.243
d	F_>|S|	dː	2.326
d	F_>|S|	θ	2.692
d	F_>|S|<	d	1.16
d	F_>|S|<	ð	2.191
d	F_>|S|<	dː	2.255
d	F_>|S|<	θ	3.014
d	F|S|	d	1.277
d	F|S|	θ	2.277
d	F|S|	ð	2.333
d	F|S|	dː	2.454
d	F|S|<	d	1.202
d	F|S|<	ð	2.243
d	F|S|<	dː	2.326
d	F|S|<	θ	2.692
d	|S|<	θ	1.139
d	|S|<	d	2.518
d	|S|<	ð	3.84
d	|S|<	dː	4.84
d	|S|<_F	θ	0.917
d	|S|<_F	d	4.07
d	|S|<_F	ð	5.392
d	|S|<_R	θ	1.198
d	|S|<_R	d	4.07
d	|S|<_R	ð	5.392
d	|S|F	θ	0.89
d	|S|F	d	3.655
d	|S|F	ð	4.977
d	|S|R	θ	1.132
d	|S|R	d	3.655
d	|S|R	ð	4.977
d_ə	>|S|	d_ɑ	0.0
d_ə	>|S|#	d_ɑ	0.0
d_ə	F_>|S|	d_ɑ	0.0
d_ə	F_>|S|#	d_ɑ	0.0
d_ə	F|S|	d_ɑ	0.0
d_ə	F|S|#	d_ɑ	0.0
d_ə	|S|#	d_ɑ	0.0
d̥	>|S|	d	0.572
d̥	>|S|	θ	2.478
d̥	>|S|	r_d	3.478
d̥	>|S|#	d	0.583
d̥	>|S|#	θ	2.49
d̥	>|S|#	r_d	3.49
d̥	F_>|S|	θ	1.524
d̥	F_>|S|	d	1.606
d̥	F_>|S|	r_d	2.524
d̥	F_>|S|#	θ	1.482
d̥	F_>|S|#	d	1.723
d̥	F_>|S|#	r_d	2.482
d̥	F|S|	d	1.429
d̥	F|S|	θ	1.599
d̥	F|S|	r_d	2.599
d̥	F|S|#	θ	1.524
d̥	F|S|#	d	1.606
d̥	F|S|#	r_d	2.524
d̥	|S|#	d	0.572
d̥	|S|#	θ	2.478
d̥	|S|#	r_d	3.478
e	<|S|	iːy̯	0.0
e	<|S|>	iːy̯	0.0
e	<|S|>_N	iːy̯	0.0
e	<|S|N	iːy̯	0.0
e	|S|>	iːy̯	0.0
e	|S|>_N	iːy̯	0.0
e	|S|N	iːy̯	0.0
f	#|S|	f	0.12
f	#|S|	p	3.65
f	#|S|<	f	0.106
f	#|S|<	p	3.813
f	#|S|<_F	f	0.043
f	#|S|<_F	p	5.077
f	#|S|<_R	f	0.043
f	#|S|<_R	p	5.077
f	#|S|F	f	0.054
f	#|S|F	p	4.755
f	#|S|R	f	0.054
f	#|S|R	p	4.755
f	>|S|	f	0.982
f	>|S|	p	1.386
f	>|S|#	f	1.111
f	>|S|#	p	1.279
f	F_>|S|	p	0.345
f	F_>|S|	f	2.231
f	F_>|S|#	p	0.269
f	F_>|S|#	f	2.553
f	F|S|	p	0.482
f	F|S|	f	1.816
f	F|S|#	p	0.345
f	F|S|#	f	2.231
f	|S|#	f	0.982
f	|S|#	p	1.386
f	|S|<	f	0.12
f	|S|<	p	3.65
f	|S|<_F	f	0.054
f	|S|<_F	p	4.755
f	|S|<_R	f	0.054
f	|S|<_R	p	4.755
f	|S|F	f	0.073
f	|S|F	p	4.34
f	|S|R	f	0.073
f	|S|R	p	4.34
f_ə	>|S|	p_ɑ	0.0
f_ə	>|S|#	p_ɑ	0.0
f_ə	|S|#	p_ɑ	0.0
h	#|S|	h	0.0
h	#|S|<	h	0.0
h	#|S|<_F	h	0.0
h	#|S|F	h	0.0
h	|S|<	h	0.0
h	|S|<_F	h	0.0
h	|S|F	h	0.0
j	#|S|	j	1.105
j	#|S|	ɣ	3.0
j	#|S|<	j	0.913
j	#|S|<	ɣ	3.415
j	#|S|<_F	j	0.464
j	#|S|<_F	ɣ	3.737
j	#|S|>	j	2.678
j	#|S|>	ɣ	3.415
j	#|S|>_R	j	3.0
j	#|S|>_R	ɣ	3.737
j	#|S|F	j	0.476
j	#|S|F	ɣ	3.415
j	#|S|R	j	2.678
j	#|S|R	ɣ	3.415
j	<|S|	ɣ	0.337
j	<|S|	j	2.263
j	<|S|<	ɣ	0.245
j	<|S|<	j	2.678
j	>|S|	ɣ	0.812
j	>|S|	j	2.263
j	>|S|<	ɣ	0.752
j	>|S|<	j	2.678
j	F_>|S|	ɣ	0.752
j	F_>|S|	j	2.678
j	F_>|S|<	ɣ	0.717
j	F_>|S|<	j	3.0
j	F|S|	ɣ	0.812
j	F|S|	j	2.263
j	F|S|<	ɣ	0.752
j	F|S|<	j	2.678
j	|S|<	j	1.163
j	|S|<	ɣ	1.9
j	|S|<_F	j	0.476
j	|S|<_F	ɣ	3.415
j	|S|>	j	2.263
j	|S|>	ɣ	3.0
j	|S|>_R	j	2.678
j	|S|>_R	ɣ	3.415
j	|S|F	j	0.497
j	|S|F	ɣ	3.0
j	|S|R	j	2.263
j	|S|R	ɣ	3.0
k	#|S|	k	0.839
k	#|S|	ʧ	1.488
k	#|S|<	k	0.852
k	#|S|<	ʧ	1.46
k	#|S|<_F	ʧ	0.987
k	#|S|<_F	k	1.371
k	#|S|<_N	k	0.12
k	#|S|<_N	ʧ	4.059
k	#|S|F	ʧ	1.024
k	#|S|F	k	1.322
k	#|S|N	k	0.152
k	#|S|N	ʧ	3.737
k	>|S|	k	1.191
k	>|S|	ʧ	2.76
k	>|S|	kː	3.959
k	>|S|	ʧː	3.959
k	>|S|#	k	1.567
k	>|S|#	kː	3.234
k	>|S|#	ʧ	3.737
k	>|S|<	k	0.93
k	>|S|<	ʧ	2.322
k	>|S|<	ʧː	2.862
k	F_>|S|	k	1.804
k	F_>|S|	ʧ	2.804
k	F_>|S|	kː	3.632
k	F_>|S|	ʧː	3.632
k	F_>|S|#	k	2.094
k	F_>|S|#	kː	3.008
k	F_>|S|#	ʧ	4.059
k	F_>|S|<	k	1.644
k	F_>|S|<	ʧ	1.943
k	F_>|S|<	ʧː	2.252
k	F|S|	k	1.638
k	F|S|	ʧ	2.638
k	F|S|	kː	3.694
k	F|S|	ʧː	3.694
k	F|S|#	k	1.959
k	F|S|#	kː	3.063
k	F|S|#	ʧ	3.737
k	F|S|<	k	1.567
k	F|S|<	ʧ	1.93
k	F|S|<	ʧː	2.322
k	|S|#	k	1.447
k	|S|#	kː	3.322
k	|S|#	ʧ	3.322
k	|S|<	k	0.86
k	|S|<	ʧ	1.687
k	|S|<	ʧː	4.272
k	|S|<_F	ʧ	1.024
k	|S|<_F	k	1.322
k	|S|<_N	k	0.152
k	|S|<_N	ʧ	3.737
k	|S|F	ʧ	1.088
k	|S|F	k	1.244
k	|S|N	k	0.206
k	|S|N	ʧ	3.322
l	#|S|	l	0.2
l	#|S|	h_l	2.952
l	#|S|<	l	0.21
l	#|S|<	h_l	2.885
l	#|S|<_F	l	0.146
l	#|S|<_F	h_l	3.381
l	#|S|F	l	0.144
l	#|S|F	h_l	3.396
l	<|S|	l	0.039
l	<|S|	h_l	5.229
l	<|S|<	l	0.029
l	<|S|<_F	l	0.023
l	<|S|F	l	0.029
l	>|S|	l	0.31
l	>|S|	h_l	5.229
l	>|S|<	l	0.336
l	>|S|<_F	l	2.442
l	>|S|F	l	2.12
l	F_>|S|	l	0.029
l	F_>|S|<	l	0.023
l	F|S|	l	0.039
l	F|S|	h_l	5.229
l	F|S|<	l	0.029
l	|S|<	l	0.158
l	|S|<	h_l	3.681
l	|S|<_F	l	0.174
l	|S|<_F	h_l	3.902
l	|S|F	l	0.168
l	|S|F	h_l	3.871
l_ə	>|S|	ɫ	0.0
l_ə	>|S|>	ɫ	0.0
l_ə	F_>|S|	ɫ	0.0
l_ə	F_>|S|>	ɫ	0.0
l_ə	F|S|	ɫ	0.0
l_ə	F|S|>	ɫ	0.0
l_ə	|S|>	ɫ	0.0
m	#|S|	m	0.019
m	#|S|<	m	0.014
m	#|S|<_F	m	0.011
m	#|S|F	m	0.014
m	>|S|	m	0.09
m	>|S|	mː	4.048
m	>|S|#	m	0.014
m	>|S|<	m	0.209
m	>|S|<	mː	2.893
m	F_>|S|	m	0.317
m	F_>|S|	mː	2.343
m	F_>|S|#	m	0.011
m	F_>|S|<	m	0.463
m	F_>|S|<	mː	1.866
m	F|S|	m	0.285
m	F|S|	mː	2.478
m	F|S|#	m	0.014
m	F|S|<	m	0.434
m	F|S|<	mː	1.946
m	|S|#	m	0.019
m	|S|<	m	0.074
m	|S|<	mː	4.326
m	|S|<_F	m	0.014
m	|S|F	m	0.019
n	#|S|	n	1.857
n	#|S|	nː	4.629
n	#|S|	r_n	4.629
n	#|S|<	n	2.09
n	#|S|<	nː	5.044
n	#|S|<	r_n	5.044
n	#|S|<_F	n	3.044
n	#|S|<_F	nː	5.366
n	#|S|<_F	r_n	5.366
n	#|S|F	n	2.722
n	#|S|F	nː	5.044
n	#|S|F	r_n	5.044
n	<|S|	n	0.203
n	<|S|	nː	4.629
n	<|S|	r_n	4.629
n	<|S|<	n	0.15
n	<|S|<	nː	5.044
n	<|S|<	r_n	5.044
n	<|S|<_F	n	0.118
n	<|S|<_F	nː	5.366
n	<|S|<_F	r_n	5.366
n	<|S|F	n	0.15
n	<|S|F	nː	5.044
n	<|S|F	r_n	5.044
n	>|S|	n	0.817
n	>|S|	nː	2.984
n	>|S|	r_n	2.984
n	>|S|	-	3.984
n	>|S|	n_e	3.984
n	>|S|	bː	4.984
n	>|S|#	n	1.098
n	>|S|#	r_n	2.41
n	>|S|#	nː	3.194
n	>|S|#	n_e	3.41
n	>|S|#	-	4.194
n	>|S|#	bː	4.41
n	>|S|<	n	0.733
n	>|S|<	nː	1.598
n	>|S|<	r_n	5.044
n	>|S|<_F	n	0.118
n	>|S|<_F	nː	5.366
n	>|S|<_F	r_n	5.366
n	>|S|>	n	0.332
n	>|S|>	-	3.032
n	>|S|>	nː	5.044
n	>|S|>	r_n	5.044
n	>|S|F	n	0.15
n	>|S|F	nː	5.044
n	>|S|F	r_n	5.044
n	F_>|S|	n	0.981
n	F_>|S|	nː	2.41
n	F_>|S|	-	3.41
n	F_>|S|	n_e	3.41
n	F_>|S|	r_n	3.841
n	F_>|S|	bː	4.41
n	F_>|S|#	n	1.028
n	F_>|S|#	nː	2.763
n	F_>|S|#	n_e	2.887
n	F_>|S|#	r_n	3.543
n	F_>|S|#	-	3.763
n	F_>|S|#	bː	3.887
n	F_>|S|<	nː	0.843
n	F_>|S|<	n	1.366
n	F_>|S|<	r_n	5.366
n	F_>|S|<_F	n	0.098
n	F_>|S|>	n	0.611
n	F_>|S|>	-	1.843
n	F_>|S|>	nː	5.366
n	F_>|S|>	r_n	5.366
n	F_>|S|F	n	0.118
n	F_>|S|F	nː	5.366
n	F_>|S|F	r_n	5.366
n	F|S|	n	0.95
n	F|S|	nː	2.468
n	F|S|	-	3.468
n	F|S|	n_e	3.468
n	F|S|	r_n	3.728
n	F|S|	bː	4.468
n	F|S|#	n	1.007
n	F|S|#	nː	2.779
n	F|S|#	n_e	2.937
n	F|S|#	r_n	3.506
n	F|S|#	-	3.779
n	F|S|#	bː	3.937
n	F|S|<	nː	0.915
n	F|S|<	n	1.316
n	F|S|<	r_n	5.044
n	F|S|<_F	n	0.118
n	F|S|<_F	nː	5.366
n	F|S|<_F	r_n	5.366
n	F|S|>	n	0.618
n	F|S|>	-	1.915
n	F|S|>	nː	5.044
n	F|S|>	r_n	5.044
n	F|S|F	n	0.15
n	F|S|F	nː	5.044
n	F|S|F	r_n	5.044
n	|S|#	n	1.051
n	|S|#	r_n	2.468
n	|S|#	nː	3.177
n	|S|#	n_e	3.468
n	|S|#	-	4.177
n	|S|#	bː	4.468
n	|S|<	n	1.146
n	|S|<	nː	3.015
n	|S|<	r_n	4.629
n	|S|<_F	n	1.409
n	|S|<_F	nː	5.044
n	|S|<_F	r_n	5.044
n	|S|>	n	0.371
n	|S|>	-	3.115
n	|S|>	nː	4.629
n	|S|>	r_n	4.629
n	|S|F	n	1.315
n	|S|F	nː	4.629
n	|S|F	r_n	4.629
n_ʃ	>|S|	ʃː	0.0
n_ʃ	>|S|<	ʃː	0.0
n_ʃ	F_>|S|	ʃː	0.0
n_ʃ	F_>|S|<	ʃː	0.0
n_ʃ	F|S|	ʃː	0.0
n_ʃ	F|S|<	ʃː	0.0
n_ʃ	|S|<	ʃː	0.0
p	#|S|	p	0.144
p	#|S|	pː	3.392
p	#|S|<	p	0.107
p	#|S|<	pː	3.807
p	#|S|<_F	p	0.085
p	#|S|<_F	pː	4.129
p	#|S|F	p	0.107
p	#|S|F	pː	3.807
p	>|S|	p	0.807
p	>|S|	pː	1.655
p	>|S|#	p	1.222
p	>|S|#	pː	1.637
p	>|S|<	p	0.559
p	>|S|<	pː	1.637
p	>|S|<_R	p	0.085
p	>|S|<_R	pː	4.129
p	>|S|R	p	0.107
p	>|S|R	pː	3.807
p	F_>|S|	pː	0.284
p	F_>|S|	p	2.485
p	F_>|S|<	pː	0.222
p	F_>|S|<	p	2.807
p	F|S|	pː	0.392
p	F|S|	p	2.07
p	F|S|<	pː	0.284
p	F|S|<	p	2.485
p	|S|#	p	1.119
p	|S|#	pː	1.655
p	|S|<	p	0.374
p	|S|<	pː	2.129
p	|S|<_F	p	0.107
p	|S|<_F	pː	3.807
p	|S|<_R	p	0.107
p	|S|<_R	pː	3.807
p	|S|F	p	0.144
p	|S|F	pː	3.392
p	|S|R	p	0.144
p	|S|R	pː	3.392
s	<|S|	s	0.454
s	<|S|	t	1.89
s	<|S|#	s	0.326
s	<|S|#	t	2.305
s	<|S|>	s	0.326
s	<|S|>	t	2.305
s	>|S|	t	0.207
s	>|S|	s	2.903
s	>|S|#	t	0.178
s	>|S|#	s	3.11
s	>|S|<	t	0.07
s	>|S|<	s	4.392
s	>|S|>	s	0.326
s	>|S|>	t	2.305
s	F_>|S|	t	0.161
s	F_>|S|	s	3.247
s	F_>|S|#	t	0.056
s	F_>|S|#	s	4.714
s	F_>|S|<	t	0.056
s	F_>|S|<	s	4.714
s	F_>|S|>	s	0.255
s	F_>|S|>	t	2.627
s	F|S|	t	0.176
s	F|S|	s	3.123
s	F|S|#	t	0.07
s	F|S|#	s	4.392
s	F|S|<	t	0.07
s	F|S|<	s	4.392
s	F|S|>	s	0.326
s	F|S|>	t	2.305
s	|S|#	t	0.277
s	|S|#	s	2.518
s	|S|<	t	0.095
s	|S|<	s	3.977
s	|S|>	s	0.454
s	|S|>	t	1.89
t	=|S|	t	0.0
t	=|S|<	t	0.0
t	>|S|	t	0.0
t	>|S|#	t	0.0
t	>|S|<	t	0.0
t	>|S|<_F	t	0.0
t	>|S|F	t	0.0
t	F_>|S|	t	0.0
t	F_>|S|#	t	0.0
t	F|S|	t	0.0
t	F|S|#	t	0.0
t	|S|#	t	0.0
t	|S|<	t	0.0
t	|S|<_F	t	0.0
t	|S|F	t	0.0
v	#|S|	-	0.415
v	#|S|	v	2.0
v	#|S|<	-	0.3
v	#|S|<	v	2.415
v	#|S|<_F	-	0.234
v	#|S|<_F	v	2.737
v	#|S|F	-	0.3
v	#|S|F	v	2.415
v	>|S|	v	0.284
v	>|S|	-	2.485
v	>|S|<	v	0.268
v	>|S|<	-	2.559
v	F_>|S|	v	0.093
v	F_>|S|	-	4.0
v	F_>|S|<	v	0.074
v	F_>|S|<	-	4.322
v	F|S|	v	0.126
v	F|S|	-	3.585
v	F|S|<	v	0.093
v	F|S|<	-	4.0
v	|S|<	v	0.415
v	|S|<	-	2.0
v	|S|<_F	-	0.3
v	|S|<_F	v	2.415
v	|S|F	-	0.415
v	|S|F	v	2.0
x	>|S|	k	1.485
x	>|S|	ç	1.485
x	>|S|#	k	1.415
x	>|S|#	ç	1.415
x	>|S|>	k	3.0
x	>|S|>	ç	3.0
x	F_>|S|	ç	0.678
x	F_>|S|	k	3.0
x	F_>|S|#	ç	0.659
x	F_>|S|#	k	3.322
x	F|S|	ç	0.71
x	F|S|	k	2.585
x	F|S|#	ç	0.678
x	F|S|#	k	3.0
x	|S|#	k	1.363
x	|S|#	ç	1.363
x	|S|>	k	2.585
x	|S|>	ç	2.585
z	#|S|	s	0.0
z	#|S|<	s	0.0
z	#|S|<_F	s	0.0
z	#|S|F	s	0.0
z	>|S|	s	1.585
z	>|S|<	s	2.0
z	|S|<	s	0.044
z	|S|<_F	s	0.0
z	|S|F	s	0.0
z̥	>|S|	z	1.1
z̥	>|S|#	z	1.322
z̥	F_>|S|	z	1.0
z̥	F_>|S|#	z	1.1
z̥	F|S|	z	0.848
z̥	F|S|#	z	1.0
z̥	|S|#	z	1.1
ŋ	>|S|	ŋ	1.222
ŋ	>|S|	n	1.681
ŋ	>|S|	n_d	2.681
ŋ	>|S|	-	3.681
ŋ	>|S|#	n	1.136
ŋ	>|S|#	ŋ	1.474
ŋ	>|S|#	-	2.786
ŋ	>|S|#	n_d	4.644
ŋ	>|S|<	ŋ	1.044
ŋ	>|S|<	n_d	1.269
ŋ	>|S|<	n	3.644
ŋ	>|S|>	ŋ	1.243
ŋ	>|S|>	n	1.349
ŋ	>|S|>	-	3.599
ŋ	>|S|>	n_d	4.644
ŋ	F_>|S|	ŋ	1.232
ŋ	F_>|S|	n	1.489
ŋ	F_>|S|	n_d	3.072
ŋ	F_>|S|	-	4.072
ŋ	F_>|S|#	n	0.591
ŋ	F_>|S|#	ŋ	1.796
ŋ	F_>|S|#	n_d	4.966
ŋ	F_>|S|<	ŋ	0.816
ŋ	F_>|S|<	n_d	1.506
ŋ	F_>|S|<	n	3.966
ŋ	F_>|S|>	ŋ	1.293
ŋ	F_>|S|>	n	1.381
ŋ	F_>|S|>	-	3.381
ŋ	F_>|S|>	n_d	4.966
ŋ	F|S|	ŋ	1.226
ŋ	F|S|	n	1.505
ŋ	F|S|	n_d	3.017
ŋ	F|S|	-	4.017
ŋ	F|S|#	n	0.638
ŋ	F|S|#	ŋ	1.749
ŋ	F|S|#	n_d	4.644
ŋ	F|S|<	ŋ	0.837
ŋ	F|S|<	n_d	1.556
ŋ	F|S|<	n	3.644
ŋ	F|S|>	ŋ	1.286
ŋ	F|S|>	n	1.396
ŋ	F|S|>	-	3.396
ŋ	F|S|>	n_d	4.644
ŋ	|S|#	n	1.184
ŋ	|S|#	ŋ	1.439
ŋ	|S|#	-	2.86
ŋ	|S|#	n_d	4.229
ŋ	|S|<	ŋ	1.059
ŋ	|S|<	n_d	1.371
ŋ	|S|<	n	3.229
ŋ	|S|<	-	5.229
ŋ	|S|>	ŋ	1.236
ŋ	|S|>	n	1.379
ŋ	|S|>	-	3.604
ŋ	|S|>	n_d	4.229
ɐ	<|S|	e_r	1.047
ɐ	<|S|	o_r	1.368
ɐ	<|S|	e	3.368
ɐ	<|S|#	e_r	1.0
ɐ	<|S|#	o_r	1.322
ɐ	<|S|#	e	4.0
ɐ	<|S|>	e	0.368
ɐ	<|S|>	e_r	3.0
ɐ	<|S|>	o_r	3.322
ɐ	|S|#	e_r	1.0
ɐ	|S|#	o_r	1.322
ɐ	|S|#	e	3.907
ɐ	|S|>	e	0.515
ɐ	|S|>	e_r	2.585
ɐ	|S|>	o_r	2.907
ɕ	>|S|	j	2.447
ɕ	>|S|	ʧ_e	2.447
ɕ	>|S|	x_t	3.032
ɕ	>|S|	ç_t	3.032
ɕ	>|S|	ɣ̊	3.032
ɕ	>|S|#	j	2.467
ɕ	>|S|#	ʧ_e	2.467
ɕ	>|S|#	x_t	3.052
ɕ	>|S|#	ç_t	3.052
ɕ	>|S|#	ɣ̊	3.052
ɕ	>|S|<	j	4.0
ɕ	>|S|<	ʧ_e	4.0
ɕ	>|S|<	x_t	4.585
ɕ	>|S|<	ç_t	4.585
ɕ	>|S|<	ɣ̊	4.585
ɕ	F_>|S|	j	2.36
ɕ	F_>|S|	ʧ_e	2.73
ɕ	F_>|S|	x_t	2.945
ɕ	F_>|S|	ç_t	2.945
ɕ	F_>|S|	ɣ̊	3.543
ɕ	F_>|S|#	j	2.322
ɕ	F_>|S|#	ʧ_e	2.737
ɕ	F_>|S|#	x_t	2.907
ɕ	F_>|S|#	ç_t	2.907
ɕ	F_>|S|#	ɣ̊	3.585
ɕ	F_>|S|<	j	4.322
ɕ	F_>|S|<	ʧ_e	4.322
ɕ	F_>|S|<	x_t	4.907
ɕ	F_>|S|<	ç_t	4.907
ɕ	F_>|S|<	ɣ̊	4.907
ɕ	F|S|	j	2.315
ɕ	F|S|	ʧ_e	2.628
ɕ	F|S|	x_t	2.9
ɕ	F|S|	ç_t	2.9
ɕ	F|S|	ɣ̊	3.399
ɕ	F|S|#	j	2.3
ɕ	F|S|#	ʧ_e	2.678
ɕ	F|S|#	x_t	2.885
ɕ	F|S|#	ç_t	2.885
ɕ	F|S|#	ɣ̊	3.497
ɕ	F|S|<	j	4.0
ɕ	F|S|<	ʧ_e	4.0
ɕ	F|S|<	x_t	4.585
ɕ	F|S|<	ç_t	4.585
ɕ	F|S|<	ɣ̊	4.585
ɕ	|S|#	j	2.407
ɕ	|S|#	ʧ_e	2.407
ɕ	|S|#	x_t	2.992
ɕ	|S|#	ç_t	2.992
ɕ	|S|#	ɣ̊	2.992
ɕ	|S|<	j	3.585
ɕ	|S|<	ʧ_e	3.585
ɕ	|S|<	x_t	4.17
ɕ	|S|<	ç_t	4.17
ɕ	|S|<	ɣ̊	4.17
ə	<|S|	ɑ_n	0.49
ə	<|S|	-	3.459
ə	<|S|	i_ɑ	3.874
ə	<|S|	n	3.874
ə	<|S|	ɑ	4.459
ə	<|S|#	ɑ_n	0.426
ə	<|S|#	i_ɑ	3.77
ə	<|S|#	n	3.77
ə	<|S|#	-	4.053
ə	<|S|#	ɑ	4.355
ə	<|S|>	-	1.33
ə	<|S|>	ɑ_n	1.437
ə	<|S|>_N	-	0.29
ə	<|S|>_N	ɑ_n	2.781
ə	<|S|N	-	0.372
ə	<|S|N	ɑ_n	2.459
ə	>|S|	ɑ_n	0.138
ə	>|S|	-	5.044
ə	>|S|#	ɑ_n	0.102
ə	F_<|S|	ɑ_n	0.426
ə	F_<|S|	i_ɑ	2.29
ə	F_<|S|#	ɑ_n	0.424
ə	F_<|S|#	i_ɑ	2.227
ə	F|S|	ɑ_n	0.43
ə	F|S|	i_ɑ	2.401
ə	F|S|	-	5.044
ə	F|S|#	ɑ_n	0.426
ə	F|S|#	i_ɑ	2.29
ə	|S|#	ɑ_n	0.422
ə	|S|#	i_ɑ	3.806
ə	|S|#	n	3.806
ə	|S|#	-	3.993
ə	|S|#	ɑ	4.391
ə	|S|>	ɑ_n	1.29
ə	|S|>	-	1.459
ə	|S|>_N	-	0.372
ə	|S|>_N	ɑ_n	2.459
ə	|S|N	-	0.521
ə	|S|N	ɑ_n	2.044
ə_ɕ	<|S|	i_j	0.0
ə_ɕ	<|S|#	i_j	0.0
ə_ɕ	|S|#	i_j	0.0
ɡ̊	>|S|	d	0.684
ɡ̊	>|S|	ɡ	1.907
ɡ̊	>|S|#	d	0.707
ɡ̊	>|S|#	ɡ	1.93
ɡ̊	F_>|S|	d	0.112
ɡ̊	F_>|S|	ɡ	3.737
ɡ̊	F_>|S|#	d	0.089
ɡ̊	F_>|S|#	ɡ	4.059
ɡ̊	F|S|	d	0.152
ɡ̊	F|S|	ɡ	3.322
ɡ̊	F|S|#	d	0.112
ɡ̊	F|S|#	ɡ	3.737
ɡ̊	|S|#	d	0.684
ɡ̊	|S|#	ɡ	1.907
ɣ	>|S|	-	0.0
ɣ	>|S|<	-	0.0
ɣ	|S|<	-	0.0
ɣ̊	>|S|	-	0.0
ɣ̊	>|S|#	-	0.0
ɣ̊	F_>|S|	-	0.0
ɣ̊	F_>|S|#	-	0.0
ɣ̊	F|S|	-	0.0
ɣ̊	F|S|#	-	0.0
ɣ̊	|S|#	-	0.0
ɪ	<|S|	i	0.0
ɪ	<|S|>	i	0.0
ɪ	<|S|>_N	i	0.0
ɪ	<|S|N	i	0.0
ɪ	|S|>	i	0.0
ɪ	|S|>_N	i	0.0
ɪ	|S|N	i	0.0
ɫ	<|S|	ɫ	0.07
ɫ	<|S|	ɫː	4.392
ɫ	<|S|#	ɫ	0.052
ɫ	<|S|#	ɫː	4.807
ɫ	>|S|	ɫ	0.333
ɫ	>|S|	ɫː	2.807
ɫ	>|S|#	ɫ	0.763
ɫ	>|S|#	ɫː	1.939
ɫ	>|S|>	ɫ	0.052
ɫ	>|S|>	ɫː	4.807
ɫ	F_>|S|	ɫ	0.222
ɫ	F_>|S|	ɫː	3.485
ɫ	F_>|S|#	ɫ	0.618
ɫ	F_>|S|#	ɫː	2.407
ɫ	F_>|S|>	ɫ	0.042
ɫ	F_>|S|>	ɫː	5.129
ɫ	F|S|	ɫ	0.222
ɫ	F|S|	ɫː	3.392
ɫ	F|S|#	ɫ	0.59
ɫ	F|S|#	ɫː	2.429
ɫ	F|S|>	ɫ	0.052
ɫ	F|S|>	ɫː	4.807
ɫ	|S|#	ɫ	0.568
ɫ	|S|#	ɫː	2.222
ɫ	|S|>	ɫ	0.07
ɫ	|S|>	ɫː	4.392
ʀ	#|S|	r	1.907
ʀ	#|S|	h_r	2.271
ʀ	#|S|	r_ˈeːo̯	4.907
ʀ	#|S|<	h_r	2.141
ʀ	#|S|<	r	2.322
ʀ	#|S|<	r_ˈeːo̯	5.322
ʀ	#|S|<_F	h_r	1.599
ʀ	#|S|<_F	r	2.644
ʀ	#|S|F	h_r	1.678
ʀ	#|S|F	r	2.322
ʀ	#|S|F	r_ˈeːo̯	5.322
ʀ	<|S|	r	0.365
ʀ	<|S|	r_ˈeːo̯	2.394
ʀ	<|S|<	r	0.37
ʀ	<|S|<	r_ˈeːo̯	2.311
ʀ	<|S|<_F	r	0.296
ʀ	<|S|<_F	r_ˈeːo̯	2.595
ʀ	<|S|F	r	0.298
ʀ	<|S|F	r_ˈeːo̯	2.632
ʀ	>|S|	r	0.291
ʀ	>|S|	r_e	3.744
ʀ	>|S|	r_ˈeːo̯	4.907
ʀ	>|S|#	r	0.424
ʀ	>|S|#	r_e	2.748
ʀ	>|S|#	r_ˈeːo̯	5.322
ʀ	>|S|<	r	0.247
ʀ	>|S|<	r_ˈeːo̯	5.322
ʀ	>|S|<_F	r	0.059
ʀ	>|S|>	r	0.074
ʀ	>|S|>	r_ˈeːo̯	5.322
ʀ	>|S|>_N	r	0.059
ʀ	>|S|F	r	0.074
ʀ	>|S|F	r_ˈeːo̯	5.322
ʀ	>|S|N	r	0.074
ʀ	>|S|N	r_ˈeːo̯	5.322
ʀ	F_>|S|	r	0.352
ʀ	F_>|S|	r_e	3.383
ʀ	F_>|S|	r_ˈeːo̯	5.322
ʀ	F_>|S|#	r	0.599
ʀ	F_>|S|#	r_e	2.252
ʀ	F_>|S|<	r	0.242
ʀ	F_>|S|<_F	r	0.049
ʀ	F_>|S|>	r	0.059
ʀ	F_>|S|>_N	r	0.049
ʀ	F_>|S|F	r	0.059
ʀ	F_>|S|N	r	0.059
ʀ	F|S|	r	0.349
ʀ	F|S|	r_e	3.462
ʀ	F|S|	r_ˈeːo̯	4.907
ʀ	F|S|#	r	0.58
ʀ	F|S|#	r_e	2.322
ʀ	F|S|#	r_ˈeːo̯	5.322
ʀ	F|S|<	r	0.247
ʀ	F|S|<	r_ˈeːo̯	5.322
ʀ	F|S|<_F	r	0.059
ʀ	F|S|>	r	0.074
ʀ	F|S|>	r_ˈeːo̯	5.322
ʀ	F|S|>_N	r	0.059
ʀ	F|S|F	r	0.074
ʀ	F|S|F	r_ˈeːo̯	5.322
ʀ	F|S|N	r	0.074
ʀ	F|S|N	r_ˈeːo̯	5.322
ʀ	|S|#	r	0.412
ʀ	|S|#	r_e	2.859
ʀ	|S|#	r_ˈeːo̯	4.907
ʀ	|S|<	r	0.566
ʀ	|S|<	r_ˈeːo̯	3.067
ʀ	|S|<	h_r	4.067
ʀ	|S|<_F	r	0.603
ʀ	|S|<_F	r_ˈeːo̯	3.206
ʀ	|S|<_F	h_r	3.383
ʀ	|S|>	r	0.1
ʀ	|S|>	r_ˈeːo̯	4.907
ʀ	|S|>_N	r	0.074
ʀ	|S|>_N	r_ˈeːo̯	5.322
ʀ	|S|F	r	0.569
ʀ	|S|F	r_ˈeːo̯	3.219
ʀ	|S|F	h_r	3.462
ʀ	|S|N	r	0.1
ʀ	|S|N	r_ˈeːo̯	4.907
ʃ	#|S|	s	0.759
ʃ	#|S|	ʃ	1.289
ʃ	#|S|<	ʃ	0.954
ʃ	#|S|<	s	1.048
ʃ	#|S|<_F	ʃ	0.168
ʃ	#|S|<_F	s	3.184
ʃ	#|S|<_N	s	0.136
ʃ	#|S|<_N	ʃ	3.474
ʃ	#|S|>	s	0.172
ʃ	#|S|>	ʃ	3.152
ʃ	#|S|F	ʃ	0.213
ʃ	#|S|F	s	2.862
ʃ	#|S|N	s	0.172
ʃ	#|S|N	ʃ	3.152
ʃ	>|S|	ʃ	0.292
ʃ	>|S|	s	2.447
ʃ	>|S|#	ʃ	0.213
ʃ	>|S|#	s	2.862
ʃ	F_>|S|	ʃ	0.213
ʃ	F_>|S|	s	2.862
ʃ	F_>|S|#	ʃ	0.168
ʃ	F_>|S|#	s	3.184
ʃ	F|S|	ʃ	0.292
ʃ	F|S|	s	2.447
ʃ	F|S|#	ʃ	0.213
ʃ	F|S|#	s	2.862
ʃ	|S|#	ʃ	0.292
ʃ	|S|#	s	2.447
ʃ	|S|<	ʃ	0.974
ʃ	|S|<	s	1.026
ʃ	|S|<_F	ʃ	0.213
ʃ	|S|<_F	s	2.862
ʃ	|S|<_N	s	0.172
ʃ	|S|<_N	ʃ	3.152
ʃ	|S|>	s	0.234
ʃ	|S|>	ʃ	2.737
ʃ	|S|F	ʃ	0.292
ʃ	|S|F	s	2.447
ʃ	|S|N	s	0.234
ʃ	|S|N	ʃ	2.737
ʃ_l	#|S|	s_l	0.0
ʃ_l	#|S|<	s_l	0.0
ʃ_l	|S|<	s_l	0.0
ʋ	#|S|	w	0.145
ʋ	#|S|	h_w	3.384
ʋ	#|S|<	w	0.149
ʋ	#|S|<	h_w	3.348
ʋ	#|S|<_F	w	0.2
ʋ	#|S|<_F	h_w	2.947
ʋ	#|S|F	w	0.195
ʋ	#|S|F	h_w	2.984
ʋ	<|S|	w	0.037
ʋ	<|S|	h_w	5.285
ʋ	<|S|<	w	0.028
ʋ	<|S|<_F	w	0.022
ʋ	<|S|F	w	0.028
ʋ	|S|<	w	0.115
ʋ	|S|<	h_w	3.7
ʋ	|S|<_F	w	0.137
ʋ	|S|<_F	h_w	3.463
ʋ	|S|F	w	0.135
ʋ	|S|F	h_w	3.488
ʋ_ˈa	#|S|	w	0.0
ʋ_ˈa	#|S|>	w	0.0
ʋ_ˈa	#|S|>_N	w	0.0
ʋ_ˈa	#|S|N	w	0.0
ʋ_ˈa	<|S|	w	0.0
ʋ_ˈa	<|S|>	w	0.0
ʋ_ˈa	<|S|>_N	w	0.0
ʋ_ˈa	<|S|N	w	0.0
ʋ_ˈa	|S|>	w	0.0
ʋ_ˈa	|S|>_N	w	0.0
ʋ_ˈa	|S|N	w	0.0
ʦ	#|S|	t	2.807
ʦ	#|S|	r_t	3.392
ʦ	#|S|	tː	3.392
ʦ	#|S|<	t	3.222
ʦ	#|S|<	r_t	3.807
ʦ	#|S|<	tː	3.807
ʦ	#|S|<_F	t	3.544
ʦ	#|S|<_F	r_t	4.129
ʦ	#|S|<_F	tː	4.129
ʦ	#|S|F	t	3.222
ʦ	#|S|F	r_t	3.807
ʦ	#|S|F	tː	3.807
ʦ	>|S|	t	1.222
ʦ	>|S|	r_t	1.807
ʦ	>|S|	tː	1.807
ʦ	>|S|#	r_t	1.163
ʦ	>|S|#	t	1.763
ʦ	>|S|#	tː	1.949
ʦ	>|S|<	t	0.72
ʦ	>|S|<	tː	1.637
ʦ	>|S|<	r_t	3.807
ʦ	>|S|<_F	t	0.175
ʦ	>|S|<_F	r_t	4.129
ʦ	>|S|<_F	tː	4.129
ʦ	>|S|F	t	0.222
ʦ	>|S|F	r_t	3.807
ʦ	>|S|F	tː	3.807
ʦ	F_>|S|	r_t	1.429
ʦ	F_>|S|	tː	1.429
ʦ	F_>|S|	t	1.959
ʦ	F_>|S|#	r_t	0.76
ʦ	F_>|S|#	tː	1.627
ʦ	F_>|S|#	t	3.544
ʦ	F_>|S|<	t	1.042
ʦ	F_>|S|<	tː	1.129
ʦ	F_>|S|<	r_t	4.129
ʦ	F_>|S|<_F	t	0.144
ʦ	F_>|S|<_F	r_t	4.392
ʦ	F_>|S|<_F	tː	4.392
ʦ	F_>|S|F	t	0.175
ʦ	F_>|S|F	r_t	4.129
ʦ	F_>|S|F	tː	4.129
ʦ	F|S|	r_t	1.466
ʦ	F|S|	tː	1.466
ʦ	F|S|	t	1.856
ʦ	F|S|#	r_t	0.807
ʦ	F|S|#	tː	1.637
ʦ	F|S|#	t	3.222
ʦ	F|S|<	t	1.052
ʦ	F|S|<	tː	1.163
ʦ	F|S|<	r_t	3.807
ʦ	F|S|<_F	t	0.175
ʦ	F|S|<_F	r_t	4.129
ʦ	F|S|<_F	tː	4.129
ʦ	F|S|F	t	0.222
ʦ	F|S|F	r_t	3.807
ʦ	F|S|F	tː	3.807
ʦ	|S|#	r_t	1.222
ʦ	|S|#	t	1.692
ʦ	|S|#	tː	1.933
ʦ	|S|<	t	1.977
ʦ	|S|<	tː	2.729
ʦ	|S|<	r_t	3.392
ʦ	|S|<_F	t	1.637
ʦ	|S|<_F	r_t	3.807
ʦ	|S|<_F	tː	3.807
ʦ	|S|F	t	1.585
ʦ	|S|F	r_t	3.392
ʦ	|S|F	tː	3.392
ˈa	#|S|	ˈæɑ̯	0.901
ˈa	#|S|	ˈæ	1.747
ˈa	#|S|	ˈɑ	2.585
ˈa	#|S|>	ˈæɑ̯	0.816
ˈa	#|S|>	ˈæ	1.705
ˈa	#|S|>	ˈɑ	3.0
ˈa	<|S|	ˈɑ	0.955
ˈa	<|S|	ˈæɑ̯	2.198
ˈa	<|S|	ˈæ	2.302
ˈa	<|S|>	ˈɑ	0.949
ˈa	<|S|>	ˈæɑ̯	2.244
ˈa	<|S|>	ˈæ	2.324
ˈa	<|S|>_N	ˈɑ	0.434
ˈa	<|S|>_N	ˈæɑ̯	4.196
ˈa	<|S|>_N	ˈæ	4.459
ˈa	<|S|N	ˈɑ	0.464
ˈa	<|S|N	ˈæɑ̯	3.874
ˈa	<|S|N	ˈæ	4.138
ˈa	F_<|S|	ˈɑ	3.0
ˈa	F_<|S|	ˈæɑ̯	3.874
ˈa	F_<|S|	ˈæ	4.138
ˈa	F_<|S|>	ˈɑ	3.322
ˈa	F_<|S|>	ˈæɑ̯	4.196
ˈa	F_<|S|>	ˈæ	4.459
ˈa	F_<|S|>_N	ˈɑ	3.585
ˈa	F_<|S|>_N	ˈæɑ̯	4.459
ˈa	F_<|S|>_N	ˈæ	4.722
ˈa	F_<|S|N	ˈɑ	3.322
ˈa	F_<|S|N	ˈæɑ̯	4.196
ˈa	F_<|S|N	ˈæ	4.459
ˈa	F|S|	ˈɑ	2.585
ˈa	F|S|	ˈæɑ̯	3.459
ˈa	F|S|	ˈæ	3.722
ˈa	F|S|>	ˈɑ	3.0
ˈa	F|S|>	ˈæɑ̯	3.874
ˈa	F|S|>	ˈæ	4.138
ˈa	F|S|>_N	ˈɑ	3.322
ˈa	F|S|>_N	ˈæɑ̯	4.196
ˈa	F|S|>_N	ˈæ	4.459
ˈa	F|S|N	ˈɑ	3.0
ˈa	F|S|N	ˈæɑ̯	3.874
ˈa	F|S|N	ˈæ	4.138
ˈa	|S|>	ˈɑ	1.082
ˈa	|S|>	ˈæɑ̯	1.957
ˈa	|S|>	ˈæ	2.22
ˈa	|S|>_N	ˈɑ	0.464
ˈa	|S|>_N	ˈæɑ̯	3.874
ˈa	|S|>_N	ˈæ	4.138
ˈa	|S|N	ˈɑ	0.515
ˈa	|S|N	ˈæɑ̯	3.459
ˈa	|S|N	ˈæ	3.722
ˈaː	#|S|	ˈæɑ̯	0.415
ˈaː	#|S|	ˈæ	2.848
ˈaː	#|S|	ˈi	4.17
ˈaː	#|S|	ˈɑ	4.17
ˈaː	#|S|>	ˈæɑ̯	0.3
ˈaː	#|S|>	ˈæ	3.263
ˈaː	#|S|>	ˈi	4.585
ˈaː	#|S|>	ˈɑ	4.585
ˈaː	<|S|	ˈæ	1.263
ˈaː	<|S|	ˈæɑ̯	2.363
ˈaː	<|S|	ˈi	2.585
ˈaː	<|S|	ˈɑ	2.585
ˈaː	<|S|>	ˈæ	1.263
ˈaː	<|S|>	ˈæɑ̯	2.415
ˈaː	<|S|>	ˈi	2.585
ˈaː	<|S|>	ˈɑ	2.585
ˈaː	<|S|>_N	ˈæɑ̯	1.152
ˈaː	<|S|>_N	ˈɑ	1.206
ˈaː	<|S|>_N	ˈæ	3.585
ˈaː	<|S|>_N	ˈi	4.907
ˈaː	<|S|N	ˈæɑ̯	1.193
ˈaː	<|S|N	ˈɑ	1.263
ˈaː	<|S|N	ˈæ	3.263
ˈaː	<|S|N	ˈi	4.585
ˈaː	F_<|S|	ˈæɑ̯	0.3
ˈaː	F_<|S|	ˈæ	3.263
ˈaː	F_<|S|	ˈi	4.585
ˈaː	F_<|S|	ˈɑ	4.585
ˈaː	F_<|S|>	ˈæɑ̯	0.234
ˈaː	F_<|S|>	ˈæ	3.585
ˈaː	F_<|S|>	ˈi	4.907
ˈaː	F_<|S|>	ˈɑ	4.907
ˈaː	F_<|S|>_N	ˈæɑ̯	0.193
ˈaː	F_<|S|>_N	ˈæ	3.848
ˈaː	F_<|S|>_N	ˈi	5.17
ˈaː	F_<|S|>_N	ˈɑ	5.17
ˈaː	F_<|S|N	ˈæɑ̯	0.234
ˈaː	F_<|S|N	ˈæ	3.585
ˈaː	F_<|S|N	ˈi	4.907
ˈaː	F_<|S|N	ˈɑ	4.907
ˈaː	F|S|	ˈæɑ̯	0.415
ˈaː	F|S|	ˈæ	2.848
ˈaː	F|S|	ˈi	4.17
ˈaː	F|S|	ˈɑ	4.17
ˈaː	F|S|>	ˈæɑ̯	0.3
ˈaː	F|S|>	ˈæ	3.263
ˈaː	F|S|>	ˈi	4.585
ˈaː	F|S|>	ˈɑ	4.585
ˈaː	F|S|>_N	ˈæɑ̯	0.234
ˈaː	F|S|>_N	ˈæ	3.585
ˈaː	F|S|>_N	ˈi	4.907
ˈaː	F|S|>_N	ˈɑ	4.907
ˈaː	F|S|N	ˈæɑ̯	0.3
ˈaː	F|S|N	ˈæ	3.263
ˈaː	F|S|N	ˈi	4.585
ˈaː	F|S|N	ˈɑ	4.585
ˈaː	|S|>	ˈæ	1.339
ˈaː	|S|>	ˈæɑ̯	2.076
ˈaː	|S|>	ˈi	2.661
ˈaː	|S|>	ˈɑ	2.661
ˈaː	|S|>_N	ˈæɑ̯	1.193
ˈaː	|S|>_N	ˈɑ	1.263
ˈaː	|S|>_N	ˈæ	3.263
ˈaː	|S|>_N	ˈi	4.585
ˈaː	|S|N	ˈæɑ̯	1.263
ˈaː	|S|N	ˈɑ	1.363
ˈaː	|S|N	ˈæ	2.848
ˈaː	|S|N	ˈi	4.17
ˈaː_x	<|S|	xː	0.0
ˈaː_x	<|S|<	xː	0.0
ˈaː_x	|S|<	xː	0.0
ˈe	#|S|	ˈi	0.984
ˈe	#|S|	ˈe	4.322
ˈe	#|S|>	ˈi	1.112
ˈe	#|S|>	ˈe	4.737
ˈe	#|S|>_N	ˈi	0.044
ˈe	#|S|>_N	ˈe	5.059
ˈe	#|S|N	ˈi	0.055
ˈe	#|S|N	ˈe	4.737
ˈe	<|S|	ˈi	0.292
ˈe	<|S|	ˈe	2.737
ˈe	<|S|>	ˈi	0.3
ˈe	<|S|>	ˈe	2.737
ˈe	<|S|>_N	ˈi	0.304
ˈe	<|S|>_N	ˈe	3.184
ˈe	<|S|>_R	ˈi	0.044
ˈe	<|S|>_R	ˈe	5.059
ˈe	<|S|N	ˈi	0.3
ˈe	<|S|N	ˈe	3.152
ˈe	<|S|R	ˈi	0.055
ˈe	<|S|R	ˈe	4.737
ˈe	|S|>	ˈi	0.366
ˈe	|S|>	ˈe	2.868
ˈe	|S|>_N	ˈi	0.276
ˈe	|S|>_N	ˈe	3.242
ˈe	|S|>_R	ˈi	0.055
ˈe	|S|>_R	ˈe	4.737
ˈe	|S|N	ˈi	0.271
ˈe	|S|N	ˈe	3.176
ˈe	|S|R	ˈi	0.074
ˈe	|S|R	ˈe	4.322
ˈeɪ̯	<|S|	ˈɑː	0.585
ˈeɪ̯	<|S|#	ˈɑː	2.0
ˈeɪ̯	<|S|>	ˈɑː	0.0
ˈeɪ̯	|S|#	ˈɑː	1.585
ˈeɪ̯	|S|>	ˈɑː	0.0
ˈeː	#|S|	ˈɑː	0.363
ˈeː	#|S|	ˈeːo̯	2.17
ˈeː	#|S|>	ˈɑː	0.263
ˈeː	#|S|>	ˈeːo̯	2.585
ˈeː	#|S|>_N	ˈɑː	0.206
ˈeː	#|S|>_N	ˈeːo̯	2.907
ˈeː	#|S|N	ˈɑː	0.263
ˈeː	#|S|N	ˈeːo̯	2.585
ˈeː	<|S|	ˈeːo̯	0.671
ˈeː	<|S|	ˈɑː	1.966
ˈeː	<|S|#	ˈeːo̯	1.263
ˈeː	<|S|#	ˈɑː	1.585
ˈeː	<|S|>	ˈeːo̯	0.612
ˈeː	<|S|>	ˈɑː	2.1
ˈeː	<|S|>_F	ˈeːo̯	0.1
ˈeː	<|S|>_F	ˈɑː	3.907
ˈeː	<|S|>_N	ˈɑː	0.737
ˈeː	<|S|>_N	ˈeːo̯	1.322
ˈeː	<|S|>_R	ˈeːo̯	0.907
ˈeː	<|S|>_R	ˈɑː	3.907
ˈeː	<|S|F	ˈeːo̯	0.126
ˈeː	<|S|F	ˈɑː	3.585
ˈeː	<|S|N	ˈɑː	0.778
ˈeː	<|S|N	ˈeːo̯	1.263
ˈeː	<|S|R	ˈeːo̯	0.885
ˈeː	<|S|R	ˈɑː	3.585
ˈeː	|S|#	ˈeːo̯	1.17
ˈeː	|S|#	ˈɑː	1.585
ˈeː	|S|>	ˈeːo̯	0.699
ˈeː	|S|>	ˈɑː	1.771
ˈeː	|S|>_F	ˈeːo̯	0.126
ˈeː	|S|>_F	ˈɑː	3.585
ˈeː	|S|>_N	ˈɑː	0.631
ˈeː	|S|>_N	ˈeːo̯	1.497
ˈeː	|S|>_R	ˈeːo̯	0.885
ˈeː	|S|>_R	ˈɑː	3.585
ˈeː	|S|F	ˈeːo̯	0.17
ˈeː	|S|F	ˈɑː	3.17
ˈeː	|S|N	ˈɑː	0.71
ˈeː	|S|N	ˈeːo̯	1.363
ˈeː	|S|R	ˈeːo̯	0.848
ˈeː	|S|R	ˈɑː	3.17
ˈi	<|S|	ˈi_ʤː	0.0
ˈi	<|S|>	ˈi_ʤː	0.0
ˈi	<|S|>_F	ˈi_ʤː	0.0
ˈi	<|S|F	ˈi_ʤː	0.0
ˈi	|S|>	ˈi_ʤː	0.0
ˈi	|S|>_F	ˈi_ʤː	0.0
ˈi	|S|F	ˈi_ʤː	0.0
ˈiː	#|S|	ˈiː	0.263
ˈiː	#|S|	ˈeːo̯	4.17
ˈiː	#|S|	ˈiːy̯	4.17
ˈiː	#|S|	ˈɑː_w	4.17
ˈiː	#|S|>	ˈiː	0.193
ˈiː	#|S|>	ˈeːo̯	4.585
ˈiː	#|S|>	ˈiːy̯	4.585
ˈiː	#|S|>	ˈɑː_w	4.585
ˈiː	<|S|	ˈiː	1.241
ˈiː	<|S|	ˈeːo̯	2.661
ˈiː	<|S|	ˈiːy̯	2.661
ˈiː	<|S|	ˈɑː_w	2.661
ˈiː	<|S|#	ˈɑː_w	1.778
ˈiː	<|S|#	ˈiː	3.0
ˈiː	<|S|#	ˈeːo̯	4.585
ˈiː	<|S|#	ˈiːy̯	4.585
ˈiː	<|S|>	ˈiː	1.0
ˈiː	<|S|>	ˈeːo̯	2.383
ˈiː	<|S|>	ˈiːy̯	2.383
ˈiː	<|S|>	ˈɑː_w	3.1
ˈiː	<|S|>_R	ˈeːo̯	0.263
ˈiː	<|S|>_R	ˈiː	3.322
ˈiː	<|S|>_R	ˈiːy̯	4.907
ˈiː	<|S|>_R	ˈɑː_w	4.907
ˈiː	<|S|R	ˈeːo̯	0.337
ˈiː	<|S|R	ˈiː	3.0
ˈiː	<|S|R	ˈiːy̯	4.585
ˈiː	<|S|R	ˈɑː_w	4.585
ˈiː	|S|#	ˈɑː_w	1.848
ˈiː	|S|#	ˈiː	2.585
ˈiː	|S|#	ˈeːo̯	4.17
ˈiː	|S|#	ˈiːy̯	4.17
ˈiː	|S|>	ˈiː	0.915
ˈiː	|S|>	ˈeːo̯	2.5
ˈiː	|S|>	ˈiːy̯	2.5
ˈiː	|S|>	ˈɑː_w	3.106
ˈiː	|S|>_R	ˈeːo̯	0.337
ˈiː	|S|>_R	ˈiː	3.0
ˈiː	|S|>_R	ˈiːy̯	4.585
ˈiː	|S|>_R	ˈɑː_w	4.585
ˈiː	|S|R	ˈeːo̯	0.469
ˈiː	|S|R	ˈiː	2.585
ˈiː	|S|R	ˈiːy̯	4.17
ˈiː	|S|R	ˈɑː_w	4.17
ˈo	#|S|	ˈu	0.206
ˈo	#|S|	ˈo	3.907
ˈo	#|S|	-	4.907
ˈo	#|S|	ˈoː	4.907
ˈo	#|S|>	ˈu	0.152
ˈo	#|S|>	ˈo	4.322
ˈo	#|S|>	-	5.322
ˈo	#|S|>	ˈoː	5.322
ˈo	<|S|	ˈu	0.771
ˈo	<|S|	ˈo	2.272
ˈo	<|S|	-	3.272
ˈo	<|S|	ˈoː	3.272
ˈo	<|S|>	ˈu	0.775
ˈo	<|S|>	ˈo	2.266
ˈo	<|S|>	-	3.266
ˈo	<|S|>	ˈoː	3.266
ˈo	<|S|>_N	ˈu	0.396
ˈo	<|S|>_N	ˈoː	2.474
ˈo	<|S|>_N	ˈo	4.644
ˈo	<|S|>_R	ˈo	0.252
ˈo	<|S|>_R	ˈu	3.059
ˈo	<|S|N	ˈu	0.415
ˈo	<|S|N	ˈoː	2.515
ˈo	<|S|N	ˈo	4.322
ˈo	<|S|N	-	5.322
ˈo	<|S|R	ˈo	0.322
ˈo	<|S|R	ˈu	2.737
ˈo	<|S|R	-	5.322
ˈo	<|S|R	ˈoː	5.322
ˈo	F_<|S|	ˈo	0.862
ˈo	F_<|S|	ˈu	1.322
ˈo	F_<|S|	-	5.322
ˈo	F_<|S|	ˈoː	5.322
ˈo	F_<|S|>	ˈo	0.803
ˈo	F_<|S|>	ˈu	1.371
ˈo	F_<|S|>_N	ˈu	0.1
ˈo	F_<|S|>_N	ˈo	4.907
ˈo	F_<|S|N	ˈu	0.12
ˈo	F_<|S|N	ˈo	4.644
ˈo	F|S|	ˈo	0.968
ˈo	F|S|	ˈu	1.244
ˈo	F|S|	-	4.907
ˈo	F|S|	ˈoː	4.907
ˈo	F|S|>	ˈo	0.862
ˈo	F|S|>	ˈu	1.322
ˈo	F|S|>	-	5.322
ˈo	F|S|>	ˈoː	5.322
ˈo	F|S|>_N	ˈu	0.12
ˈo	F|S|>_N	ˈo	4.644
ˈo	F|S|N	ˈu	0.152
ˈo	F|S|N	ˈo	4.322
ˈo	F|S|N	-	5.322
ˈo	F|S|N	ˈoː	5.322
ˈo	|S|>	ˈu	0.737
ˈo	|S|>	ˈo	2.322
ˈo	|S|>	-	3.322
ˈo	|S|>	ˈoː	3.322
ˈo	|S|>_N	ˈu	0.415
ˈo	|S|>_N	ˈoː	2.515
ˈo	|S|>_N	ˈo	4.322
ˈo	|S|>_N	-	5.322
ˈo	|S|>_R	ˈo	0.322
ˈo	|S|>_R	ˈu	2.737
ˈo	|S|>_R	-	5.322
ˈo	|S|>_R	ˈoː	5.322
ˈo	|S|N	ˈu	0.447
ˈo	|S|N	ˈoː	2.585
ˈo	|S|N	ˈo	3.907
ˈo	|S|N	-	4.907
ˈo	|S|R	ˈo	0.447
ˈo	|S|R	ˈu	2.322
ˈo	|S|R	-	4.907
ˈo	|S|R	ˈoː	4.907
ˈoʊ̯	<|S|	-	0.0
ˈoʊ̯	<|S|>	-	0.0
ˈoʊ̯	|S|>	-	0.0
ˈoː	<|S|	ˈoː	0.941
ˈoː	<|S|	ˈo	2.526
ˈoː	<|S|	-	3.111
ˈoː	<|S|	ˈæːɑ̯	3.111
ˈoː	<|S|#	ˈoː	2.83
ˈoː	<|S|#	ˈo	4.415
ˈoː	<|S|#	-	5.0
ˈoː	<|S|#	ˈæːɑ̯	5.0
ˈoː	<|S|>	ˈoː	0.83
ˈoː	<|S|>	ˈo	2.415
ˈoː	<|S|>	-	3.0
ˈoː	<|S|>	ˈæːɑ̯	3.0
ˈoː	<|S|>_N	ˈo	1.395
ˈoː	<|S|>_N	ˈæːɑ̯	1.98
ˈoː	<|S|>_N	ˈoː	2.141
ˈoː	<|S|>_N	-	2.844
ˈoː	<|S|N	ˈo	1.441
ˈoː	<|S|N	ˈoː	2.013
ˈoː	<|S|N	ˈæːɑ̯	2.026
ˈoː	<|S|N	-	2.853
ˈoː	F_<|S|	ˈoː	0.167
ˈoː	F_<|S|	ˈo	4.415
ˈoː	F_<|S|	-	5.0
ˈoː	F_<|S|	ˈæːɑ̯	5.0
ˈoː	F_<|S|>	ˈoː	0.132
ˈoː	F_<|S|>	ˈo	4.737
ˈoː	F_<|S|>	-	5.322
ˈoː	F_<|S|>	ˈæːɑ̯	5.322
ˈoː	F|S|	ˈoː	0.227
ˈoː	F|S|	ˈo	4.0
ˈoː	F|S|	-	4.585
ˈoː	F|S|	ˈæːɑ̯	4.585
ˈoː	F|S|>	ˈoː	0.167
ˈoː	F|S|>	ˈo	4.415
ˈoː	F|S|>	-	5.0
ˈoː	F|S|>	ˈæːɑ̯	5.0
ˈoː	|S|#	ˈoː	2.415
ˈoː	|S|#	ˈo	4.0
ˈoː	|S|#	-	4.585
ˈoː	|S|#	ˈæːɑ̯	4.585
ˈoː	|S|>	ˈoː	0.83
ˈoː	|S|>	ˈo	2.415
ˈoː	|S|>	-	3.0
ˈoː	|S|>	ˈæːɑ̯	3.0
ˈoː	|S|>_N	ˈo	1.441
ˈoː	|S|>_N	ˈoː	2.013
ˈoː	|S|>_N	ˈæːɑ̯	2.026
ˈoː	|S|>_N	-	2.853
ˈoː	|S|N	ˈo	1.522
ˈoː	|S|N	ˈoː	1.822
ˈoː	|S|N	ˈæːɑ̯	2.107
ˈoː	|S|N	-	2.869
ˈu	<|S|	ˈu	0.363
ˈu	<|S|>	ˈu	0.415
ˈu	<|S|>_N	ˈu	0.0
ˈu	<|S|N	ˈu	0.0
ˈu	|S|>	ˈu	0.363
ˈu	|S|>_N	ˈu	0.0
ˈu	|S|N	ˈu	0.0
ˈuː	#|S|	ˈuː	0.968
ˈuː	#|S|	ˈæːɑ̯	1.032
ˈuː	#|S|<	ˈæːɑ̯	0.206
ˈuː	#|S|<	ˈuː	2.907
ˈuː	#|S|>	ˈuː	0.179
ˈuː	#|S|>	ˈæːɑ̯	3.1
ˈuː	<|S|	ˈuː	0.898
ˈuː	<|S|	ˈæːɑ̯	1.11
ˈuː	<|S|#	ˈæːɑ̯	0.206
ˈuː	<|S|#	ˈuː	2.907
ˈuː	<|S|>	ˈuː	0.809
ˈuː	<|S|>	ˈæːɑ̯	1.22
ˈuː	<|S|>_N	ˈuː	0.141
ˈuː	<|S|>_N	ˈæːɑ̯	3.421
ˈuː	<|S|>_R	ˈuː	0.141
ˈuː	<|S|>_R	ˈæːɑ̯	3.421
ˈuː	<|S|N	ˈuː	0.179
ˈuː	<|S|N	ˈæːɑ̯	3.1
ˈuː	<|S|R	ˈuː	0.179
ˈuː	<|S|R	ˈæːɑ̯	3.1
ˈuː	|S|#	ˈæːɑ̯	0.282
ˈuː	|S|#	ˈuː	2.492
ˈuː	|S|<	ˈæːɑ̯	0.282
ˈuː	|S|<	ˈuː	2.492
ˈuː	|S|>	ˈuː	0.766
ˈuː	|S|>	ˈæːɑ̯	1.279
ˈuː	|S|>_N	ˈuː	0.179
ˈuː	|S|>_N	ˈæːɑ̯	3.1
ˈuː	|S|>_R	ˈuː	0.179
ˈuː	|S|>_R	ˈæːɑ̯	3.1
ˈuː	|S|N	ˈuː	0.244
ˈuː	|S|N	ˈæːɑ̯	2.684
ˈuː	|S|R	ˈuː	0.244
ˈuː	|S|R	ˈæːɑ̯	2.684
ˈy	<|S|	ˈo	0.0
ˈy	<|S|>	ˈo	0.0
ˈy	<|S|>_R	ˈo	0.0
ˈy	<|S|R	ˈo	0.0
ˈy	|S|>	ˈo	0.0
ˈy	|S|>_R	ˈo	0.0
ˈy	|S|R	ˈo	0.0
ˈyː	<|S|	ˈiːy̯	1.0
ˈyː	<|S|	ˈyː	1.0
ˈyː	<|S|>	ˈiːy̯	1.0
ˈyː	<|S|>	ˈyː	1.0
ˈyː	<|S|>_N	ˈiːy̯	0.152
ˈyː	<|S|>_N	ˈyː	3.322
ˈyː	<|S|>_R	ˈiːy̯	0.659
ˈyː	<|S|>_R	ˈyː	1.447
ˈyː	<|S|N	ˈiːy̯	0.193
ˈyː	<|S|N	ˈyː	3.0
ˈyː	<|S|R	ˈiːy̯	0.678
ˈyː	<|S|R	ˈyː	1.415
ˈyː	|S|>	ˈiːy̯	1.0
ˈyː	|S|>	ˈyː	1.0
ˈyː	|S|>_N	ˈiːy̯	0.193
ˈyː	|S|>_N	ˈyː	3.0
ˈyː	|S|>_R	ˈiːy̯	0.678
ˈyː	|S|>_R	ˈyː	1.415
ˈyː	|S|N	ˈiːy̯	0.263
ˈyː	|S|N	ˈyː	2.585
ˈyː	|S|R	ˈiːy̯	0.71
ˈyː	|S|R	ˈyː	1.363
ˈøʏ̯	<|S|	ˈiːy̯_w	0.0
ˈøʏ̯	<|S|#	ˈiːy̯_w	0.0
ˈøʏ̯	|S|#	ˈiːy̯_w	0.0
ˈøː	<|S|	ˈeː	0.485
ˈøː	<|S|	-	1.807
ˈøː	<|S|>	ˈeː	0.485
ˈøː	<|S|>	-	1.807
ˈøː	<|S|>_N	ˈeː	0.881
ˈøː	<|S|>_N	-	1.129
ˈøː	<|S|N	ˈeː	0.853
ˈøː	<|S|N	-	1.163
ˈøː	|S|>	ˈeː	0.485
ˈøː	|S|>	-	1.807
ˈøː	|S|>_N	ˈeː	0.853
ˈøː	|S|>_N	-	1.163
ˈøː	|S|N	ˈeː	0.807
ˈøː	|S|N	-	1.222
ˈœ	<|S|	ˈy	0.678
ˈœ	<|S|	-	1.415
ˈœ	<|S|>	ˈy	0.678
ˈœ	<|S|>	-	1.415
ˈœ	<|S|>_N	-	0.567
ˈœ	<|S|>_N	ˈy	1.621
ˈœ	<|S|N	-	0.608
ˈœ	<|S|N	ˈy	1.541
ˈœ	|S|>	ˈy	0.678
ˈœ	|S|>	-	1.415
ˈœ	|S|>_N	-	0.608
ˈœ	|S|>_N	ˈy	1.541
ˈœ	|S|N	-	0.678
ˈœ	|S|N	ˈy	1.415
ˈɔ	#|S|	ˈo	0.0
ˈɔ	#|S|>	ˈo	0.0
ˈɔ	<|S|	ˈo	0.363
ˈɔ	<|S|>	ˈo	0.415
ˈɔ	|S|>	ˈo	0.263
ˈɔʊ̯	<|S|	ˈuː	0.933
ˈɔʊ̯	<|S|	ˈæːɑ̯	1.348
ˈɔʊ̯	<|S|#	ˈuː	0.163
ˈɔʊ̯	<|S|#	ˈæːɑ̯	3.222
ˈɔʊ̯	<|S|>	ˈuː	1.107
ˈɔʊ̯	<|S|>	ˈæːɑ̯	1.222
ˈɔʊ̯	|S|#	ˈuː	0.222
ˈɔʊ̯	|S|#	ˈæːɑ̯	2.807
ˈɔʊ̯	|S|>	ˈuː	1.07
ˈɔʊ̯	|S|>	ˈæːɑ̯	1.222
ˈɔː	#|S|	ˈæː	0.29
ˈɔː	#|S|	-	3.459
ˈɔː	#|S|	ˈæːɑ̯	3.459
ˈɔː	#|S|>	ˈæː	0.212
ˈɔː	#|S|>	-	3.874
ˈɔː	#|S|>	ˈæːɑ̯	3.874
ˈɔː	<|S|	ˈæː	1.258
ˈɔː	<|S|	-	1.781
ˈɔː	<|S|	ˈæːɑ̯	1.781
ˈɔː	<|S|>	ˈæː	1.274
ˈɔː	<|S|>	-	1.77
ˈɔː	<|S|>	ˈæːɑ̯	1.77
ˈɔː	<|S|>_N	-	0.766
ˈɔː	<|S|>_N	ˈæːɑ̯	1.638
ˈɔː	<|S|>_N	ˈæː	3.459
ˈɔː	<|S|>_R	ˈæː	1.026
ˈɔː	<|S|>_R	ˈæːɑ̯	1.138
ˈɔː	<|S|>_R	-	4.196
ˈɔː	<|S|N	-	0.816
ˈɔː	<|S|N	ˈæːɑ̯	1.652
ˈɔː	<|S|N	ˈæː	3.138
ˈɔː	<|S|R	ˈæː	1.033
ˈɔː	<|S|R	ˈæːɑ̯	1.174
ˈɔː	<|S|R	-	3.874
ˈɔː	F_<|S|	-	1.174
ˈɔː	F_<|S|	ˈæːɑ̯	1.174
ˈɔː	F_<|S|	ˈæː	3.138
ˈɔː	F_<|S|>	-	1.138
ˈɔː	F_<|S|>	ˈæːɑ̯	1.138
ˈɔː	F_<|S|>	ˈæː	3.459
ˈɔː	F_<|S|>_N	-	0.186
ˈɔː	F_<|S|>_N	ˈæː	3.722
ˈɔː	F_<|S|>_N	ˈæːɑ̯	4.459
ˈɔː	F_<|S|>_R	ˈæːɑ̯	0.186
ˈɔː	F_<|S|>_R	ˈæː	3.722
ˈɔː	F_<|S|>_R	-	4.459
ˈɔː	F_<|S|N	-	0.227
ˈɔː	F_<|S|N	ˈæː	3.459
ˈɔː	F_<|S|N	ˈæːɑ̯	4.196
ˈɔː	F_<|S|R	ˈæːɑ̯	0.227
ˈɔː	F_<|S|R	ˈæː	3.459
ˈɔː	F_<|S|R	-	4.196
ˈɔː	F|S|	-	1.237
ˈɔː	F|S|	ˈæːɑ̯	1.237
ˈɔː	F|S|	ˈæː	2.722
ˈɔː	F|S|>	-	1.174
ˈɔː	F|S|>	ˈæːɑ̯	1.174
ˈɔː	F|S|>	ˈæː	3.138
ˈɔː	F|S|>_N	-	0.227
ˈɔː	F|S|>_N	ˈæː	3.459
ˈɔː	F|S|>_N	ˈæːɑ̯	4.196
ˈɔː	F|S|>_R	ˈæːɑ̯	0.227
ˈɔː	F|S|>_R	ˈæː	3.459
ˈɔː	F|S|>_R	-	4.196
ˈɔː	F|S|N	-	0.29
ˈɔː	F|S|N	ˈæː	3.138
ˈɔː	F|S|N	ˈæːɑ̯	3.874
ˈɔː	F|S|R	ˈæːɑ̯	0.29
ˈɔː	F|S|R	ˈæː	3.138
ˈɔː	F|S|R	-	3.874
ˈɔː	|S|>	ˈæː	1.138
ˈɔː	|S|>	-	1.874
ˈɔː	|S|>	ˈæːɑ̯	1.874
ˈɔː	|S|>_N	-	0.816
ˈɔː	|S|>_N	ˈæːɑ̯	1.652
ˈɔː	|S|>_N	ˈæː	3.138
ˈɔː	|S|>_R	ˈæː	1.033
ˈɔː	|S|>_R	ˈæːɑ̯	1.174
ˈɔː	|S|>_R	-	3.874
ˈɔː	|S|N	-	0.901
ˈɔː	|S|N	ˈæːɑ̯	1.675
ˈɔː	|S|N	ˈæː	2.722
ˈɔː	|S|R	ˈæː	1.044
ˈɔː	|S|R	ˈæːɑ̯	1.237
ˈɔː	|S|R	-	3.459
ˈɛ	#|S|	ˈæɑ̯	0.463
ˈɛ	#|S|	ˈe	3.672
ˈɛ	#|S|	ˈeo̯	4.087
ˈɛ	#|S|	-	4.672
ˈɛ	#|S|	ˈi	4.672
ˈɛ	#|S|	ˈiy̯	4.672
ˈɛ	#|S|>	ˈæɑ̯	0.333
ˈɛ	#|S|>	ˈe	4.087
ˈɛ	#|S|>	ˈeo̯	4.503
ˈɛ	#|S|>	-	5.087
ˈɛ	#|S|>	ˈi	5.087
ˈɛ	#|S|>	ˈiy̯	5.087
ˈɛ	#|S|>_R	ˈæɑ̯	0.26
ˈɛ	#|S|>_R	ˈe	4.409
ˈɛ	#|S|>_R	ˈeo̯	4.824
ˈɛ	#|S|R	ˈæɑ̯	0.333
ˈɛ	#|S|R	ˈe	4.087
ˈɛ	#|S|R	ˈeo̯	4.503
ˈɛ	#|S|R	-	5.087
ˈɛ	#|S|R	ˈi	5.087
ˈɛ	#|S|R	ˈiy̯	5.087
ˈɛ	<|S|	ˈe	2.029
ˈɛ	<|S|	ˈeo̯	2.444
ˈɛ	<|S|	ˈæɑ̯	2.814
ˈɛ	<|S|	-	3.029
ˈɛ	<|S|	ˈi	3.029
ˈɛ	<|S|	ˈiy̯	3.029
ˈɛ	<|S|	ˈɛ	4.029
ˈɛ	<|S|>	ˈe	2.021
ˈɛ	<|S|>	ˈeo̯	2.436
ˈɛ	<|S|>	ˈæɑ̯	2.859
ˈɛ	<|S|>	-	3.021
ˈɛ	<|S|>	ˈi	3.021
ˈɛ	<|S|>	ˈiy̯	3.021
ˈɛ	<|S|>	ˈɛ	4.021
ˈɛ	<|S|>_R	ˈæɑ̯	1.2
ˈɛ	<|S|>_R	ˈe	2.017
ˈɛ	<|S|>_R	ˈeo̯	2.087
ˈɛ	<|S|R	ˈæɑ̯	1.255
ˈɛ	<|S|R	ˈe	2.021
ˈɛ	<|S|R	ˈeo̯	2.11
ˈɛ	<|S|R	-	5.087
ˈɛ	<|S|R	ˈi	5.087
ˈɛ	<|S|R	ˈiy̯	5.087
ˈɛ	F_<|S|	ˈiy̯	0.36
ˈɛ	F_<|S|	ˈe	4.087
ˈɛ	F_<|S|	ˈeo̯	4.503
ˈɛ	F_<|S|	ˈæɑ̯	4.503
ˈɛ	F_<|S|	-	5.087
ˈɛ	F_<|S|	ˈi	5.087
ˈɛ	F_<|S|>	ˈiy̯	0.28
ˈɛ	F_<|S|>	ˈe	4.409
ˈɛ	F_<|S|>	ˈeo̯	4.824
ˈɛ	F_<|S|>	ˈæɑ̯	4.824
ˈɛ	F|S|	ˈiy̯	0.503
ˈɛ	F|S|	ˈe	3.672
ˈɛ	F|S|	ˈeo̯	4.087
ˈɛ	F|S|	ˈæɑ̯	4.087
ˈɛ	F|S|	-	4.672
ˈɛ	F|S|	ˈi	4.672
ˈɛ	F|S|>	ˈiy̯	0.36
ˈɛ	F|S|>	ˈe	4.087
ˈɛ	F|S|>	ˈeo̯	4.503
ˈɛ	F|S|>	ˈæɑ̯	4.503
ˈɛ	F|S|>	-	5.087
ˈɛ	F|S|>	ˈi	5.087
ˈɛ	|S|>	ˈe	2.087
ˈɛ	|S|>	ˈeo̯	2.503
ˈɛ	|S|>	ˈæɑ̯	2.503
ˈɛ	|S|>	-	3.087
ˈɛ	|S|>	ˈi	3.087
ˈɛ	|S|>	ˈiy̯	3.087
ˈɛ	|S|>	ˈɛ	4.087
ˈɛ	|S|>_R	ˈæɑ̯	1.017
ˈɛ	|S|>_R	ˈe	2.26
ˈɛ	|S|>_R	ˈeo̯	2.365
ˈɛ	|S|>_R	-	5.087
ˈɛ	|S|>_R	ˈi	5.087
ˈɛ	|S|>_R	ˈiy̯	5.087
ˈɛ	|S|R	ˈæɑ̯	1.124
ˈɛ	|S|R	ˈe	2.239
ˈɛ	|S|R	ˈeo̯	2.38
ˈɛ	|S|R	-	4.672
ˈɛ	|S|R	ˈi	4.672
ˈɛ	|S|R	ˈiy̯	4.672
ˈɛː	#|S|	ˈeo̯	1.0
ˈɛː	#|S|	ˈe	1.206
ˈɛː	#|S|	ˈi	3.907
ˈɛː	#|S|>	ˈeo̯	1.0
ˈɛː	#|S|>	ˈe	1.152
ˈɛː	#|S|>	ˈi	4.322
ˈɛː	<|S|	ˈeo̯	1.111
ˈɛː	<|S|	ˈe	2.011
ˈɛː	<|S|	ˈi	2.219
ˈɛː	<|S|>	ˈeo̯	1.126
ˈɛː	<|S|>	ˈe	2.049
ˈɛː	<|S|>	ˈi	2.206
ˈɛː	<|S|>_N	ˈeo̯	1.0
ˈɛː	<|S|>_N	ˈe	1.12
ˈɛː	<|S|>_N	ˈi	4.644
ˈɛː	<|S|N	ˈeo̯	1.0
ˈɛː	<|S|N	ˈe	1.152
ˈɛː	<|S|N	ˈi	4.322
ˈɛː	F_<|S|	ˈeo̯	0.193
ˈɛː	F_<|S|	ˈe	3.737
ˈɛː	F_<|S|	ˈi	4.322
ˈɛː	F_<|S|>	ˈeo̯	0.152
ˈɛː	F_<|S|>	ˈe	4.059
ˈɛː	F_<|S|>	ˈi	4.644
ˈɛː	F|S|	ˈeo̯	0.263
ˈɛː	F|S|	ˈe	3.322
ˈɛː	F|S|	ˈi	3.907
ˈɛː	F|S|>	ˈeo̯	0.193
ˈɛː	F|S|>	ˈe	3.737
ˈɛː	F|S|>	ˈi	4.322
ˈɛː	|S|>	ˈeo̯	1.09
ˈɛː	|S|>	ˈe	1.827
ˈɛː	|S|>	ˈi	2.412
ˈɛː	|S|>_N	ˈeo̯	1.0
ˈɛː	|S|>_N	ˈe	1.152
ˈɛː	|S|>_N	ˈi	4.322
ˈɛː	|S|N	ˈeo̯	1.0
ˈɛː	|S|N	ˈe	1.206
ˈɛː	|S|N	ˈi	3.907
ˈɪ	#|S|	ˈi	0.263
ˈɪ	#|S|	-	3.585
ˈɪ	#|S|	ˈiː	3.585
ˈɪ	#|S|>	ˈi	0.193
ˈɪ	#|S|>	-	4.0
ˈɪ	#|S|>	ˈiː	4.0
ˈɪ	<|S|	ˈi	1.144
ˈɪ	<|S|	-	1.869
ˈɪ	<|S|	ˈiː	1.869
ˈɪ	<|S|>	ˈi	1.163
ˈɪ	<|S|>	-	1.853
ˈɪ	<|S|>	ˈiː	1.853
ˈɪ	<|S|>_N	ˈi	0.659
ˈɪ	<|S|>_N	ˈiː	1.659
ˈɪ	<|S|>_N	-	4.322
ˈɪ	<|S|N	ˈi	0.678
ˈɪ	<|S|N	ˈiː	1.678
ˈɪ	<|S|N	-	4.0
ˈɪ	|S|>	ˈi	1.0
ˈɪ	|S|>	-	2.0
ˈɪ	|S|>	ˈiː	2.0
ˈɪ	|S|>_N	ˈi	0.678
ˈɪ	|S|>_N	ˈiː	1.678
ˈɪ	|S|>_N	-	4.0
ˈɪ	|S|N	ˈi	0.71
ˈɪ	|S|N	ˈiː	1.71
ˈɪ	|S|N	-	3.585
ˈʊ	#|S|	-	0.0
ˈʊ	#|S|>	-	0.0
ˈʊ	#|S|>_N	-	0.0
ˈʊ	#|S|N	-	0.0
ˈʊ	<|S|	-	0.0
ˈʊ	<|S|>	-	0.0
ˈʊ	<|S|>_R	-	0.0
ˈʊ	<|S|R	-	0.0
ˈʊ	|S|>	-	0.0
ˈʊ	|S|>_N	-	0.0
ˈʊ	|S|>_R	-	0.0
ˈʊ	|S|N	-	0.0
ˈʊ	|S|R	-	0.0
ˈʏ	#|S|	-	0.0
ˈʏ	#|S|>	-	0.0
ˈʏ	<|S|	-	0.0
ˈʏ	<|S|>	-	0.0
ˈʏ	<|S|>_N	-	0.0
ˈʏ	<|S|N	-	0.0
ˈʏ	|S|>	-	0.0
ˈʏ	|S|>_N	-	0.0
ˈʏ	|S|N	-	0.0