Phone1	PhonEnv	Phone2	Surprisal
b	#|S|	b	0.0
b	#|S|<	b	0.0
b	#|S|<_F	b	0.0
b	#|S|<_R	b	0.0
b	#|S|F	b	0.0
b	#|S|R	b	0.0
b	>|S|	b	1.585
b	>|S|<	b	2.0
b	F_>|S|	b	2.0
b	F_>|S|<	b	2.322
b	F|S|	b	1.585
b	F|S|<	b	2.0
b	|S|<	b	0.058
b	|S|<_F	b	0.0
b	|S|<_R	b	0.0
b	|S|F	b	0.0
b	|S|R	b	0.0
d	#|S|	d	1.834
d	#|S|	t	2.755
d	#|S|<	d	2.023
d	#|S|<	t	3.17
d	#|S|<_F	d	3.17
d	#|S|<_F	t	3.492
d	#|S|<_R	d	1.883
d	#|S|<_R	t	3.492
d	#|S|F	d	2.848
d	#|S|F	t	3.17
d	#|S|R	d	1.791
d	#|S|R	t	3.17
d	>|S|	t	0.918
d	>|S|	d	1.087
d	>|S|<	t	0.89
d	>|S|<	d	1.119
d	F_>|S|	t	0.57
d	F_>|S|	d	1.615
d	F_>|S|<	t	0.538
d	F_>|S|<	d	1.684
d	F|S|	t	0.626
d	F|S|	d	1.507
d	F|S|<	t	0.57
d	F|S|<	d	1.615
d	|S|<	d	1.54
d	|S|<	t	1.862
d	|S|<_F	d	2.848
d	|S|<_F	t	3.17
d	|S|<_R	d	1.791
d	|S|<_R	t	3.17
d	|S|F	d	2.433
d	|S|F	t	2.755
d	|S|R	d	1.651
d	|S|R	t	2.755
d̥	>|S|	t	0.585
d̥	>|S|	d	1.585
d̥	>|S|#	t	0.585
d̥	>|S|#	d	1.585
d̥	F_>|S|	t	0.456
d̥	F_>|S|	d	1.885
d̥	F_>|S|#	t	0.447
d̥	F_>|S|#	d	1.907
d̥	F|S|	t	0.469
d̥	F|S|	d	1.848
d̥	F|S|#	t	0.456
d̥	F|S|#	d	1.885
d̥	|S|#	t	0.585
d̥	|S|#	d	1.585
f	#|S|	f	0.0
f	#|S|<	f	0.0
f	#|S|<_F	f	0.0
f	#|S|<_R	f	0.0
f	#|S|F	f	0.0
f	#|S|R	f	0.0
f	>|S|	f	0.363
f	>|S|#	f	0.415
f	F_>|S|	f	0.678
f	F_>|S|#	f	0.737
f	F|S|	f	0.585
f	F|S|#	f	0.678
f	|S|#	f	0.363
f	|S|<	f	0.0
f	|S|<_F	f	0.0
f	|S|<_R	f	0.0
f	|S|F	f	0.0
f	|S|R	f	0.0
h	#|S|	h	0.0
h	#|S|<	h	0.0
h	#|S|<_F	h	0.0
h	#|S|F	h	0.0
h	|S|<	h	0.0
h	|S|<_F	h	0.0
h	|S|F	h	0.0
j	#|S|	j	1.07
j	#|S|	ɡ	1.977
j	#|S|	-	2.655
j	#|S|	ˈaɪ̯	3.977
j	#|S|	ˈɪ	4.392
j	#|S|<	j	0.933
j	#|S|<	ɡ	1.869
j	#|S|<	-	3.07
j	#|S|<	ˈaɪ̯	4.392
j	#|S|<_F	j	1.255
j	#|S|<_F	ɡ	1.255
j	#|S|<_F	-	3.392
j	#|S|F	j	1.326
j	#|S|F	ɡ	1.326
j	#|S|F	-	3.07
j	#|S|F	ˈaɪ̯	4.392
j	<|S|	-	0.84
j	<|S|	ˈaɪ̯	2.345
j	<|S|	ˈɪ	2.873
j	<|S|<	-	0.813
j	<|S|<	ˈaɪ̯	2.339
j	<|S|<	ˈɪ	2.881
j	<|S|<_F	-	0.479
j	<|S|<_F	ˈaɪ̯	2.977
j	<|S|<_F	ˈɪ	3.09
j	<|S|F	-	0.51
j	<|S|F	ˈaɪ̯	2.933
j	<|S|F	ˈɪ	3.07
j	>|S|	-	1.62
j	>|S|	ˈaɪ̯	2.119
j	>|S|	ˈɪ	2.222
j	>|S|	ɡ	2.333
j	>|S|#	-	1.438
j	>|S|#	ˈɪ	1.807
j	>|S|#	ɡ	1.869
j	>|S|#	ˈaɪ̯	4.392
j	>|S|<	ˈaɪ̯	0.326
j	>|S|<	-	3.07
j	F_>|S|	-	1.706
j	F_>|S|	ˈaɪ̯	2.089
j	F_>|S|	ˈɪ	2.163
j	F_>|S|	ɡ	2.243
j	F_>|S|#	-	1.466
j	F_>|S|#	ˈɪ	1.76
j	F_>|S|#	ɡ	1.807
j	F_>|S|<	ˈaɪ̯	0.255
j	F_>|S|<	-	3.392
j	F|S|	-	1.62
j	F|S|	ˈaɪ̯	2.119
j	F|S|	ˈɪ	2.222
j	F|S|	ɡ	2.333
j	F|S|#	-	1.438
j	F|S|#	ˈɪ	1.807
j	F|S|#	ɡ	1.869
j	F|S|#	ˈaɪ̯	4.392
j	F|S|<	ˈaɪ̯	0.326
j	F|S|<	-	3.07
j	|S|#	-	1.392
j	|S|#	ˈɪ	1.89
j	|S|#	ɡ	1.977
j	|S|#	ˈaɪ̯	3.977
j	|S|<	-	1.075
j	|S|<	ˈaɪ̯	2.294
j	|S|<	ˈɪ	3.086
j	|S|<	j	3.294
j	|S|<	ɡ	3.903
j	|S|<_F	-	0.746
j	|S|<_F	ˈaɪ̯	3.11
j	|S|<_F	ˈɪ	3.267
j	|S|<_F	j	3.442
j	|S|<_F	ɡ	3.442
j	|S|F	-	0.779
j	|S|F	ˈaɪ̯	3.01
j	|S|F	ˈɪ	3.208
j	|S|F	j	3.437
j	|S|F	ɡ	3.437
j_ə	<|S|	n	0.0
j_ə	<|S|#	n	0.0
j_ə	|S|#	n	0.0
j_ˈuə̯	<|S|	ˈaɪ̯_ə	0.0
j_ˈuə̯	<|S|>	ˈaɪ̯_ə	0.0
j_ˈuə̯	<|S|>_R	ˈaɪ̯_ə	0.0
j_ˈuə̯	<|S|R	ˈaɪ̯_ə	0.0
j_ˈuə̯	|S|>	ˈaɪ̯_ə	0.0
j_ˈuə̯	|S|>_R	ˈaɪ̯_ə	0.0
j_ˈuə̯	|S|R	ˈaɪ̯_ə	0.0
j_ˈɔ	<|S|	ˈɪ	0.0
j_ˈɔ	<|S|>	ˈɪ	0.0
j_ˈɔ	|S|>	ˈɪ	0.0
k	#|S|	k	1.585
k	#|S|<	k	2.0
k	#|S|<_F	k	2.322
k	#|S|<_N	k	2.322
k	#|S|F	k	2.0
k	#|S|N	k	2.0
k	>|S|	k	0.585
k	>|S|#	k	1.193
k	>|S|<	k	0.193
k	>|S|<_F	k	0.737
k	>|S|F	k	0.678
k	F_>|S|	k	1.193
k	F_>|S|#	k	2.322
k	F_>|S|<	k	0.447
k	F_>|S|<_F	k	2.585
k	F_>|S|F	k	2.322
k	F|S|	k	1.0
k	F|S|#	k	2.0
k	F|S|<	k	0.415
k	F|S|<_F	k	2.322
k	F|S|F	k	2.0
k	|S|#	k	1.0
k	|S|<	k	0.848
k	|S|<_F	k	1.485
k	|S|<_N	k	2.0
k	|S|F	k	1.222
k	|S|N	k	1.585
k_ə	>|S|	χ	0.0
k_ə	>|S|#	χ	0.0
k_ə	>|S|>	χ	0.0
k_ə	>|S|>_N	χ	0.0
k_ə	>|S|N	χ	0.0
k_ə	F_>|S|	χ	0.0
k_ə	F_>|S|#	χ	0.0
k_ə	F_>|S|>	χ	0.0
k_ə	F_>|S|>_N	χ	0.0
k_ə	F_>|S|N	χ	0.0
k_ə	F|S|	χ	0.0
k_ə	F|S|#	χ	0.0
k_ə	F|S|>	χ	0.0
k_ə	F|S|>_N	χ	0.0
k_ə	F|S|N	χ	0.0
k_ə	|S|#	χ	0.0
k_ə	|S|>	χ	0.0
k_ə	|S|>_N	χ	0.0
k_ə	|S|N	χ	0.0
l	#|S|	ɫ	1.705
l	#|S|<	ɫ	2.12
l	#|S|<_F	ɫ	2.442
l	#|S|F	ɫ	2.12
l	<|S|	ɫ	0.039
l	<|S|<	ɫ	0.029
l	<|S|<_F	ɫ	0.023
l	<|S|F	ɫ	0.029
l	>|S|	ɫ	0.48
l	>|S|	ˈɛ_ɫ	3.681
l	>|S|#	ɫ	1.202
l	>|S|<	ɫ	0.029
l	>|S|<_F	ɫ	0.023
l	>|S|>	ɫ	0.269
l	>|S|>	ˈɛ_ɫ	2.556
l	>|S|F	ɫ	0.029
l	F_>|S|	ɫ	0.309
l	F_>|S|	ˈɛ_ɫ	3.686
l	F_>|S|#	ɫ	0.591
l	F_>|S|<	ɫ	0.023
l	F_>|S|<_F	ɫ	0.019
l	F_>|S|>	ɫ	0.279
l	F_>|S|>	ˈɛ_ɫ	2.506
l	F_>|S|F	ɫ	0.023
l	F|S|	ɫ	0.287
l	F|S|	ˈɛ_ɫ	3.681
l	F|S|#	ɫ	0.556
l	F|S|<	ɫ	0.029
l	F|S|<_F	ɫ	0.023
l	F|S|>	ɫ	0.269
l	F|S|>	ˈɛ_ɫ	2.556
l	F|S|F	ɫ	0.029
l	|S|#	ɫ	1.034
l	|S|<	ɫ	0.612
l	|S|<_F	ɫ	0.916
l	|S|>	ɫ	0.252
l	|S|>	ˈɛ_ɫ	2.644
l	|S|F	ɫ	0.803
m	#|S|	m	0.0
m	#|S|<	m	0.0
m	#|S|<_F	m	0.0
m	#|S|F	m	0.0
m	>|S|	m	0.0
m	>|S|#	m	0.0
m	>|S|<	m	0.0
m	F_>|S|	m	0.0
m	F_>|S|#	m	0.0
m	F_>|S|<	m	0.0
m	F|S|	m	0.0
m	F|S|#	m	0.0
m	F|S|<	m	0.0
m	|S|#	m	0.0
m	|S|<	m	0.0
m	|S|<_F	m	0.0
m	|S|F	m	0.0
n	#|S|	n	1.782
n	#|S|	d	3.507
n	#|S|<	n	2.197
n	#|S|<	d	3.459
n	#|S|<_F	n	2.519
n	#|S|<_F	d	3.298
n	#|S|F	n	2.197
n	#|S|F	d	3.332
n	<|S|	n	0.063
n	<|S|<	n	0.047
n	<|S|<_F	n	0.037
n	<|S|F	n	0.047
n	>|S|	n	0.284
n	>|S|	n_t	4.009
n	>|S|	d	4.366
n	>|S|#	n	0.315
n	>|S|#	n_t	3.535
n	>|S|#	d	3.992
n	>|S|<	n	0.319
n	>|S|<_F	n	0.037
n	>|S|>	n	0.194
n	>|S|F	n	0.047
n	F_>|S|	n	0.199
n	F_>|S|	n_t	4.638
n	F_>|S|#	n	0.105
n	F_>|S|#	n_t	4.128
n	F_>|S|<	n	0.369
n	F_>|S|<_F	n	0.031
n	F_>|S|>	n	0.296
n	F_>|S|F	n	0.037
n	F|S|	n	0.199
n	F|S|	n_t	4.547
n	F|S|#	n	0.11
n	F|S|#	n_t	4.117
n	F|S|<	n	0.357
n	F|S|<_F	n	0.037
n	F|S|>	n	0.29
n	F|S|F	n	0.047
n	|S|#	n	0.301
n	|S|#	n_t	3.577
n	|S|#	d	3.99
n	|S|<	n	0.795
n	|S|<	d	4.237
n	|S|<_F	n	1.156
n	|S|<_F	d	3.763
n	|S|>	n	0.194
n	|S|F	n	1.012
n	|S|F	d	3.785
p	#|S|	f	0.082
p	#|S|	p	4.17
p	#|S|<	f	0.061
p	#|S|<	p	4.585
p	>|S|	f	0.281
p	>|S|	p	2.5
p	>|S|#	f	0.061
p	>|S|#	p	4.585
p	>|S|<	f	0.603
p	>|S|<	p	1.549
p	>|S|<_R	p	0.263
p	>|S|<_R	f	2.585
p	>|S|R	p	0.337
p	>|S|R	f	2.263
p	F_>|S|	f	0.232
p	F_>|S|	p	2.748
p	F_>|S|#	f	0.049
p	F_>|S|<	f	0.515
p	F_>|S|<	p	1.737
p	F|S|	f	0.236
p	F|S|	p	2.729
p	F|S|#	f	0.061
p	F|S|#	p	4.585
p	F|S|<	f	0.497
p	F|S|<	p	1.778
p	|S|#	f	0.082
p	|S|#	p	4.17
p	|S|<	f	0.469
p	|S|<	p	1.848
p	|S|<_R	p	0.337
p	|S|<_R	f	2.263
p	|S|R	p	0.469
p	|S|R	f	1.848
r	#|S|	ʀ	1.948
r	#|S|<	ʀ	2.363
r	#|S|<_F	ʀ	2.684
r	#|S|F	ʀ	2.363
r	<|S|	ʀ	0.32
r	<|S|	ʀ_ˈɪ	2.764
r	<|S|<	ʀ	0.315
r	<|S|<	ʀ_ˈɪ	2.668
r	<|S|<_F	ʀ	0.375
r	<|S|<_F	ʀ_ˈɪ	2.337
r	<|S|F	ʀ	0.375
r	<|S|F	ʀ_ˈɪ	2.398
r	>|S|	ʀ	0.449
r	>|S|	ə_ʀ	2.79
r	>|S|	ʀ_ɛ	4.112
r	>|S|#	ʀ	0.332
r	>|S|#	ə_ʀ	2.492
r	>|S|>	ʀ	1.17
r	>|S|>	ʀ_ɛ	1.937
r	>|S|>_N	ʀ_ɛ	1.29
r	>|S|>_N	ʀ	2.684
r	>|S|N	ʀ_ɛ	1.373
r	>|S|N	ʀ	2.363
r	F_>|S|	ʀ	1.17
r	F_>|S|	ə_ʀ	1.848
r	F_>|S|	ʀ_ɛ	3.404
r	F_>|S|#	ə_ʀ	0.684
r	F_>|S|#	ʀ	1.492
r	F_>|S|>	ʀ	1.072
r	F_>|S|>	ʀ_ɛ	2.566
r	F_>|S|>_N	ʀ_ɛ	1.81
r	F_>|S|>_N	ʀ	2.948
r	F_>|S|N	ʀ_ɛ	1.86
r	F_>|S|N	ʀ	2.684
r	F|S|	ʀ	1.054
r	F|S|	ə_ʀ	1.948
r	F|S|	ʀ_ɛ	3.492
r	F|S|#	ə_ʀ	0.761
r	F|S|#	ʀ	1.389
r	F|S|>	ʀ	1.016
r	F|S|>	ʀ_ɛ	2.634
r	F|S|>_N	ʀ_ɛ	1.86
r	F|S|>_N	ʀ	2.684
r	F|S|N	ʀ_ɛ	1.937
r	F|S|N	ʀ	2.363
r	|S|#	ʀ	0.335
r	|S|#	ə_ʀ	2.553
r	|S|<	ʀ	0.614
r	|S|<	ʀ_ˈɪ	3.144
r	|S|<_F	ʀ	0.763
r	|S|<_F	ʀ_ˈɪ	2.888
r	|S|>	ʀ	1.054
r	|S|>	ʀ_ɛ	2.077
r	|S|>_N	ʀ_ɛ	1.373
r	|S|>_N	ʀ	2.363
r	|S|F	ʀ	0.713
r	|S|F	ʀ_ˈɪ	2.972
r	|S|N	ʀ_ɛ	1.522
r	|S|N	ʀ	1.948
s	#|S|	z	0.996
s	#|S|	ʃ	1.075
s	#|S|<	z	0.728
s	#|S|<	ʃ	1.401
s	#|S|<_F	z	0.484
s	#|S|<_F	ʃ	1.886
s	#|S|<_N	ʃ	0.163
s	#|S|<_N	z	3.429
s	#|S|>	ʃ	0.207
s	#|S|>	z	3.107
s	#|S|F	z	0.516
s	#|S|F	ʃ	1.822
s	#|S|N	ʃ	0.207
s	#|S|N	z	3.107
s	<|S|	s	0.534
s	<|S|	z	2.692
s	<|S|	ʃ	2.692
s	<|S|#	s	0.381
s	<|S|#	z	3.107
s	<|S|#	ʃ	3.107
s	>|S|	ʃ	2.215
s	>|S|	z	2.692
s	>|S|	s	3.566
s	>|S|#	z	3.107
s	>|S|#	ʃ	3.107
s	>|S|#	s	3.429
s	>|S|>	ʃ	0.207
s	>|S|>	z	3.107
s	F_>|S|	s	2.575
s	F_>|S|	z	3.107
s	F_>|S|	ʃ	3.107
s	F_>|S|#	s	2.52
s	F_>|S|#	z	3.429
s	F_>|S|#	ʃ	3.429
s	F|S|	s	2.67
s	F|S|	z	2.692
s	F|S|	ʃ	2.692
s	F|S|#	s	2.575
s	F|S|#	z	3.107
s	F|S|#	ʃ	3.107
s	|S|#	z	2.692
s	|S|#	ʃ	2.692
s	|S|#	s	2.786
s	|S|<	z	0.766
s	|S|<	ʃ	1.366
s	|S|<_F	z	0.516
s	|S|<_F	ʃ	1.822
s	|S|<_N	ʃ	0.207
s	|S|<_N	z	3.107
s	|S|>	ʃ	0.284
s	|S|>	z	2.692
s	|S|F	z	0.571
s	|S|F	ʃ	1.723
s	|S|N	ʃ	0.284
s	|S|N	z	2.692
s_k	#|S|	ʃ	0.082
s_k	#|S|	ʧ	4.17
s_k	#|S|<	ʃ	0.061
s_k	#|S|<	ʧ	4.585
s_k	#|S|<_F	ʃ	0.049
s_k	#|S|F	ʃ	0.061
s_k	#|S|F	ʧ	4.585
s_k	<|S|	ʃ	0.082
s_k	<|S|	ʧ	4.17
s_k	<|S|#	ʃ	0.061
s_k	<|S|#	ʧ	4.585
s_k	>|S|	ʃ	0.561
s_k	>|S|	ʧ	1.634
s_k	>|S|#	ʃ	0.061
s_k	>|S|#	ʧ	4.585
s_k	>|S|<	ʧ	0.337
s_k	>|S|<	ʃ	2.263
s_k	>|S|<_F	ʧ	0.263
s_k	>|S|<_F	ʃ	2.585
s_k	>|S|F	ʧ	0.337
s_k	>|S|F	ʃ	2.263
s_k	F_>|S|	ʃ	0.061
s_k	F_>|S|	ʧ	4.585
s_k	F_>|S|#	ʃ	0.049
s_k	F|S|	ʃ	0.082
s_k	F|S|	ʧ	4.17
s_k	F|S|#	ʃ	0.061
s_k	F|S|#	ʧ	4.585
s_k	|S|#	ʃ	0.082
s_k	|S|#	ʧ	4.17
s_k	|S|<	ʃ	0.363
s_k	|S|<	ʧ	2.17
s_k	|S|<_F	ʃ	0.263
s_k	|S|<_F	ʧ	2.585
s_k	|S|F	ʃ	0.263
s_k	|S|F	ʧ	2.585
s_l	#|S|	ʃ_ɫ	0.0
s_l	#|S|<	ʃ_ɫ	0.0
s_l	#|S|<_F	ʃ_ɫ	0.0
s_l	#|S|F	ʃ_ɫ	0.0
s_l	|S|<	ʃ_ɫ	0.0
s_l	|S|<_F	ʃ_ɫ	0.0
s_l	|S|F	ʃ_ɫ	0.0
s_t	>|S|	s_t	0.0
s_t	>|S|#	s_t	0.0
s_t	>|S|<	s_t	0.0
s_t	F_>|S|	s_t	0.0
s_t	F_>|S|#	s_t	0.0
s_t	F_>|S|<	s_t	0.0
s_t	F|S|	s_t	0.0
s_t	F|S|#	s_t	0.0
s_t	F|S|<	s_t	0.0
s_t	|S|#	s_t	0.0
s_t	|S|<	s_t	0.0
t	#|S|	t	2.277
t	#|S|	s	3.392
t	#|S|	ʦ	4.129
t	#|S|<	t	2.544
t	#|S|<	s	3.807
t	#|S|<	ʦ	4.544
t	#|S|<_F	t	3.364
t	#|S|<_F	s	4.129
t	#|S|<_R	t	3.364
t	#|S|<_R	s	4.129
t	#|S|F	t	3.042
t	#|S|F	s	3.807
t	#|S|F	ʦ	4.544
t	#|S|R	t	3.042
t	#|S|R	s	3.807
t	#|S|R	ʦ	4.544
t	>|S|	t	1.072
t	>|S|	s	1.779
t	>|S|	ʦ	2.516
t	>|S|	ʀ_ʦ	4.101
t	>|S|#	t	1.175
t	>|S|#	s	1.485
t	>|S|#	ʦ	3.129
t	>|S|#	ʀ_ʦ	3.544
t	>|S|<	t	0.929
t	>|S|<	ʦ	1.87
t	>|S|<	s	2.42
t	>|S|<_F	t	1.008
t	>|S|<_F	ʦ	1.203
t	>|S|<_F	s	4.129
t	>|S|F	t	1.01
t	>|S|F	ʦ	1.259
t	>|S|F	s	3.807
t	F_>|S|	s	1.0
t	F_>|S|	ʦ	2.296
t	F_>|S|	t	2.515
t	F_>|S|	ʀ_ʦ	3.042
t	F_>|S|#	s	0.76
t	F_>|S|#	ʀ_ʦ	2.402
t	F_>|S|#	ʦ	3.021
t	F_>|S|#	t	3.364
t	F_>|S|<	s	1.407
t	F_>|S|<	ʦ	1.497
t	F_>|S|<	t	1.959
t	F_>|S|<_F	ʦ	0.214
t	F_>|S|<_F	t	3.627
t	F_>|S|<_F	s	4.392
t	F_>|S|F	ʦ	0.261
t	F_>|S|F	t	3.364
t	F_>|S|F	s	4.129
t	F|S|	s	1.07
t	F|S|	t	2.255
t	F|S|	ʦ	2.322
t	F|S|	ʀ_ʦ	3.129
t	F|S|#	s	0.807
t	F|S|#	ʀ_ʦ	2.466
t	F|S|#	ʦ	2.986
t	F|S|#	t	3.042
t	F|S|<	s	1.429
t	F|S|<	ʦ	1.544
t	F|S|<	t	1.881
t	F|S|<_F	ʦ	0.261
t	F|S|<_F	t	3.364
t	F|S|<_F	s	4.129
t	F|S|F	ʦ	0.335
t	F|S|F	t	3.042
t	F|S|F	s	3.807
t	|S|#	t	1.16
t	|S|#	s	1.518
t	|S|#	ʦ	3.051
t	|S|#	ʀ_ʦ	3.599
t	|S|<	t	1.505
t	|S|<	ʦ	2.714
t	|S|<	s	2.807
t	|S|<_F	t	1.795
t	|S|<_F	ʦ	2.255
t	|S|<_F	s	3.807
t	|S|<_R	t	3.042
t	|S|<_R	s	3.807
t	|S|<_R	ʦ	4.544
t	|S|F	t	1.689
t	|S|F	ʦ	2.284
t	|S|F	s	3.392
t	|S|R	t	2.627
t	|S|R	s	3.392
t	|S|R	ʦ	4.129
t_ə	>|S|	s_n	0.206
t_ə	>|S|#	s_n	0.0
t_ə	>|S|>	s_n	2.0
t_ə	>|S|>_N	s_n	2.322
t_ə	>|S|N	s_n	2.0
t_ə	F_>|S|	s_n	0.0
t_ə	F_>|S|#	s_n	0.0
t_ə	F|S|	s_n	0.0
t_ə	F|S|#	s_n	0.0
t_ə	|S|#	s_n	0.0
t_ə	|S|>	s_n	1.585
t_ə	|S|>_N	s_n	2.0
t_ə	|S|N	s_n	1.585
v	<|S|	v	0.333
v	<|S|	b	3.17
v	<|S|<	v	0.305
v	<|S|<	b	3.585
v	<|S|<_F	v	0.288
v	<|S|<_F	b	3.907
v	<|S|F	v	0.305
v	<|S|F	b	3.585
v	>|S|	b	0.363
v	>|S|	v	2.17
v	>|S|<	b	0.263
v	>|S|<	v	2.585
v	F_>|S|	b	0.263
v	F_>|S|	v	2.585
v	F_>|S|<	b	0.206
v	F_>|S|<	v	2.907
v	F|S|	b	0.363
v	F|S|	v	2.17
v	F|S|<	b	0.263
v	F|S|<	v	2.585
v	|S|<	v	0.684
v	|S|<	b	1.684
v	|S|<_F	v	0.305
v	|S|<_F	b	3.585
v	|S|F	v	0.333
v	|S|F	b	3.17
v_ə	>|S|	f	0.0
v_ə	>|S|#	f	0.0
v_ə	|S|#	f	0.0
z	>|S|	z	1.0
z	>|S|	ɡ	1.0
z	>|S|<	z	1.0
z	>|S|<	ɡ	1.0
z	F_>|S|	ɡ	0.678
z	F_>|S|	z	1.415
z	F_>|S|<	ɡ	0.659
z	F_>|S|<	z	1.447
z	F|S|	ɡ	0.71
z	F|S|	z	1.363
z	F|S|<	ɡ	0.678
z	F|S|<	z	1.415
z	|S|<	z	1.0
z	|S|<	ɡ	1.0
ŋ	>|S|	ŋ	0.549
ŋ	>|S|	ŋ_ɡ	2.356
ŋ	>|S|#	ŋ	0.332
ŋ	>|S|#	ŋ_ɡ	4.17
ŋ	>|S|<	ŋ	1.016
ŋ	>|S|<	ŋ_ɡ	1.492
ŋ	>|S|>	ŋ	0.082
ŋ	>|S|>	ŋ_ɡ	4.17
ŋ	F_>|S|	ŋ	0.526
ŋ	F_>|S|	ŋ_ɡ	2.469
ŋ	F_>|S|#	ŋ	0.404
ŋ	F_>|S|#	ŋ_ɡ	4.492
ŋ	F_>|S|<	ŋ_ɡ	0.244
ŋ	F_>|S|<	ŋ	2.684
ŋ	F_>|S|>	ŋ	0.066
ŋ	F_>|S|>	ŋ_ɡ	4.492
ŋ	F|S|	ŋ	0.507
ŋ	F|S|	ŋ_ɡ	2.433
ŋ	F|S|#	ŋ	0.402
ŋ	F|S|#	ŋ_ɡ	4.17
ŋ	F|S|<	ŋ_ɡ	0.312
ŋ	F|S|<	ŋ	2.363
ŋ	F|S|>	ŋ	0.082
ŋ	F|S|>	ŋ_ɡ	4.17
ŋ	|S|#	ŋ	0.335
ŋ	|S|#	ŋ_ɡ	3.755
ŋ	|S|<	ŋ	0.927
ŋ	|S|<	ŋ_ɡ	1.553
ŋ	|S|>	ŋ	0.111
ŋ	|S|>	ŋ_ɡ	3.755
ɕ	#|S|	z	0.0
ɕ	#|S|<	z	0.0
ɕ	#|S|<_F	z	0.0
ɕ	#|S|F	z	0.0
ɕ	|S|<	z	0.0
ɕ	|S|<_F	z	0.0
ɕ	|S|F	z	0.0
ə	<|S|	n	1.713
ə	<|S|	ə	1.905
ə	<|S|	ə_n	2.905
ə	<|S|	-	3.28
ə	<|S|#	n	1.34
ə	<|S|#	ə_n	2.461
ə	<|S|#	ə	3.652
ə	<|S|>	ə	0.787
ə	<|S|>	-	2.233
ə	<|S|>	n	2.981
ə	<|S|>	ə_n	4.652
ə	<|S|>_N	-	0.835
ə	<|S|>_N	n	1.559
ə	<|S|>_N	ə	3.974
ə	<|S|>_R	ə	0.318
ə	<|S|>_R	n	3.781
ə	<|S|N	-	0.905
ə	<|S|N	n	1.553
ə	<|S|N	ə	3.652
ə	<|S|N	ə_n	4.652
ə	<|S|R	ə	0.374
ə	<|S|R	n	3.459
ə	<|S|R	ə_n	4.652
ə	>|S|	-	0.49
ə	>|S|	n	3.044
ə	>|S|	ə	3.237
ə	>|S|	ə_n	4.237
ə	>|S|>	-	0.351
ə	>|S|>	n	3.459
ə	>|S|>	ə	3.652
ə	>|S|>	ə_n	4.652
ə	>|S|>_R	-	0.274
ə	>|S|>_R	n	3.781
ə	>|S|>_R	ə	3.974
ə	>|S|R	-	0.351
ə	>|S|R	n	3.459
ə	>|S|R	ə	3.652
ə	>|S|R	ə_n	4.652
ə	F_<|S|	n	1.553
ə	F_<|S|	ə	3.652
ə	F_<|S|	ə_n	4.652
ə	F_<|S|#	n	1.559
ə	F_<|S|#	ə	3.974
ə	F|S|	n	1.542
ə	F|S|	ə	3.237
ə	F|S|	ə_n	4.237
ə	F|S|	-	4.459
ə	F|S|#	n	1.553
ə	F|S|#	ə	3.652
ə	F|S|#	ə_n	4.652
ə	|S|#	n	1.353
ə	|S|#	ə_n	2.481
ə	|S|#	ə	3.237
ə	|S|#	-	4.459
ə	|S|>	ə	0.915
ə	|S|>	-	2.138
ə	|S|>	n	2.722
ə	|S|>	ə_n	4.237
ə	|S|>_N	-	0.905
ə	|S|>_N	n	1.553
ə	|S|>_N	ə	3.652
ə	|S|>_N	ə_n	4.652
ə	|S|>_R	ə	0.469
ə	|S|>_R	n	3.459
ə	|S|>_R	-	3.512
ə	|S|>_R	ə_n	4.652
ə	|S|N	-	1.029
ə	|S|N	n	1.542
ə	|S|N	ə	3.237
ə	|S|N	ə_n	4.237
ə	|S|R	ə	0.562
ə	|S|R	n	3.044
ə	|S|R	-	3.425
ə	|S|R	ə_n	4.237
ɡ	#|S|	ɡ	0.0
ɡ	#|S|<	ɡ	0.0
ɡ	#|S|<_F	ɡ	0.0
ɡ	#|S|<_R	ɡ	0.0
ɡ	#|S|F	ɡ	0.0
ɡ	#|S|R	ɡ	0.0
ɡ	|S|<	ɡ	0.0
ɡ	|S|<_F	ɡ	0.0
ɡ	|S|<_R	ɡ	0.0
ɡ	|S|F	ɡ	0.0
ɡ	|S|R	ɡ	0.0
ɣ	>|S|	ɡ	0.729
ɣ	>|S|	k	1.729
ɣ	>|S|<	ɡ	0.748
ɣ	>|S|<	k	1.748
ɣ	>|S|<_F	ɡ	0.1
ɣ	>|S|<_F	k	3.907
ɣ	>|S|F	ɡ	0.126
ɣ	>|S|F	k	3.585
ɣ	F_>|S|	k	0.778
ɣ	F_>|S|	ɡ	1.263
ɣ	F_>|S|<	k	0.737
ɣ	F_>|S|<	ɡ	1.322
ɣ	F|S|	k	0.848
ɣ	F|S|	ɡ	1.17
ɣ	F|S|<	k	0.778
ɣ	F|S|<	ɡ	1.263
ɣ	|S|<	ɡ	0.729
ɣ	|S|<	k	1.729
ɣ	|S|<_F	ɡ	0.126
ɣ	|S|<_F	k	3.585
ɣ	|S|F	ɡ	0.17
ɣ	|S|F	k	3.17
ɣ̥	>|S|	k	0.585
ɣ̥	>|S|	ɡ	1.585
ɣ̥	>|S|#	k	0.585
ɣ̥	>|S|#	ɡ	1.585
ɣ̥	F_>|S|	k	0.456
ɣ̥	F_>|S|	ɡ	1.885
ɣ̥	F_>|S|#	k	0.447
ɣ̥	F_>|S|#	ɡ	1.907
ɣ̥	F|S|	k	0.469
ɣ̥	F|S|	ɡ	1.848
ɣ̥	F|S|#	k	0.456
ɣ̥	F|S|#	ɡ	1.885
ɣ̥	|S|#	k	0.585
ɣ̥	|S|#	ɡ	1.585
ɪ	<|S|	ɪ	0.585
ɪ	<|S|	-	1.585
ɪ	<|S|>	ɪ	0.585
ɪ	<|S|>	-	1.585
ɪ	<|S|>_N	ɪ	0.907
ɪ	<|S|>_N	-	1.1
ɪ	<|S|N	ɪ	0.885
ɪ	<|S|N	-	1.126
ɪ	F_<|S|	-	0.263
ɪ	F_<|S|	ɪ	2.585
ɪ	F_<|S|>	-	0.206
ɪ	F_<|S|>	ɪ	2.907
ɪ	F_<|S|>_N	-	0.17
ɪ	F_<|S|>_N	ɪ	3.17
ɪ	F_<|S|N	-	0.206
ɪ	F_<|S|N	ɪ	2.907
ɪ	F|S|	-	0.363
ɪ	F|S|	ɪ	2.17
ɪ	F|S|>	-	0.263
ɪ	F|S|>	ɪ	2.585
ɪ	F|S|>_N	-	0.206
ɪ	F|S|>_N	ɪ	2.907
ɪ	F|S|N	-	0.263
ɪ	F|S|N	ɪ	2.585
ɪ	|S|>	ɪ	0.585
ɪ	|S|>	-	1.585
ɪ	|S|>_N	ɪ	0.885
ɪ	|S|>_N	-	1.126
ɪ	|S|N	ɪ	0.848
ɪ	|S|N	-	1.17
ʋ	#|S|	v	0.0
ʋ	#|S|<	v	0.0
ʋ	#|S|<_F	v	0.0
ʋ	#|S|F	v	0.0
ʋ	|S|<	v	0.0
ʋ	|S|<_F	v	0.0
ʋ	|S|F	v	0.0
ʦ	#|S|	d	1.466
ʦ	#|S|	k	1.466
ʦ	#|S|	-	1.856
ʦ	#|S|<	d	1.429
ʦ	#|S|<	k	1.429
ʦ	#|S|<	-	1.959
ʦ	#|S|<_F	d	1.407
ʦ	#|S|<_F	k	1.407
ʦ	#|S|<_F	-	2.025
ʦ	#|S|F	d	1.429
ʦ	#|S|F	k	1.429
ʦ	#|S|F	-	1.959
ʦ	>|S|	-	0.305
ʦ	>|S|	d	3.392
ʦ	>|S|	k	3.392
ʦ	>|S|<	-	0.222
ʦ	>|S|<	d	3.807
ʦ	>|S|<	k	3.807
ʦ	>|S|<_F	-	0.175
ʦ	>|S|<_F	d	4.129
ʦ	>|S|<_F	k	4.129
ʦ	>|S|F	-	0.222
ʦ	>|S|F	d	3.807
ʦ	>|S|F	k	3.807
ʦ	F_>|S|	-	0.222
ʦ	F_>|S|	d	3.807
ʦ	F_>|S|	k	3.807
ʦ	F_>|S|<	-	0.175
ʦ	F_>|S|<	d	4.129
ʦ	F_>|S|<	k	4.129
ʦ	F_>|S|<_F	-	0.144
ʦ	F_>|S|<_F	d	4.392
ʦ	F_>|S|<_F	k	4.392
ʦ	F_>|S|F	-	0.175
ʦ	F_>|S|F	d	4.129
ʦ	F_>|S|F	k	4.129
ʦ	F|S|	-	0.305
ʦ	F|S|	d	3.392
ʦ	F|S|	k	3.392
ʦ	F|S|<	-	0.222
ʦ	F|S|<	d	3.807
ʦ	F|S|<	k	3.807
ʦ	F|S|<_F	-	0.175
ʦ	F|S|<_F	d	4.129
ʦ	F|S|<_F	k	4.129
ʦ	F|S|F	-	0.222
ʦ	F|S|F	d	3.807
ʦ	F|S|F	k	3.807
ʦ	|S|<	-	1.222
ʦ	|S|<	d	1.807
ʦ	|S|<	k	1.807
ʦ	|S|<_F	-	1.222
ʦ	|S|<_F	d	1.807
ʦ	|S|<_F	k	1.807
ʦ	|S|F	-	1.222
ʦ	|S|F	d	1.807
ʦ	|S|F	k	1.807
ˈa	#|S|	ˈa	0.538
ˈa	#|S|	ˈɔ	3.492
ˈa	#|S|>	ˈa	0.549
ˈa	#|S|>	ˈɔ	3.907
ˈa	<|S|	ˈa	0.571
ˈa	<|S|	ˈɔ	1.84
ˈa	<|S|>	ˈa	0.588
ˈa	<|S|>	ˈɔ	1.832
ˈa	<|S|>_N	ˈa	0.346
ˈa	<|S|>_N	ˈɔ	2.229
ˈa	<|S|N	ˈa	0.352
ˈa	<|S|N	ˈɔ	2.206
ˈa	|S|>	ˈa	0.565
ˈa	|S|>	ˈɔ	2.025
ˈa	|S|>_N	ˈa	0.352
ˈa	|S|>_N	ˈɔ	2.206
ˈa	|S|N	ˈa	0.363
ˈa	|S|N	ˈɔ	2.17
ˈai̯	<|S|	ˈa	0.0
ˈai̯	<|S|>	ˈa	0.0
ˈai̯	|S|>	ˈa	0.0
ˈaː	#|S|	ˈa	1.551
ˈaː	#|S|	ˈɛ	1.768
ˈaː	#|S|	ˈɛɪ̯	1.768
ˈaː	#|S|	ˈɔ	3.807
ˈaː	#|S|>	ˈa	1.559
ˈaː	#|S|>	ˈɛ	1.72
ˈaː	#|S|>	ˈɛɪ̯	1.72
ˈaː	#|S|>	ˈɔ	4.222
ˈaː	#|S|>_F	ˈɛɪ̯	0.247
ˈaː	#|S|>_F	ˈa	3.807
ˈaː	#|S|>_F	ˈɔ	4.544
ˈaː	#|S|>_F	ˈɛ	4.544
ˈaː	#|S|F	ˈɛɪ̯	0.316
ˈaː	#|S|F	ˈa	3.485
ˈaː	#|S|F	ˈɔ	4.222
ˈaː	#|S|F	ˈɛ	4.222
ˈaː	<|S|	ˈa	1.468
ˈaː	<|S|	ˈɔ	1.981
ˈaː	<|S|	ˈɛ	2.376
ˈaː	<|S|	ˈɛɪ̯	2.376
ˈaː	<|S|#	ˈɛɪ̯	0.316
ˈaː	<|S|#	ˈa	3.485
ˈaː	<|S|#	ˈɔ	4.222
ˈaː	<|S|#	ˈɛ	4.222
ˈaː	<|S|>	ˈa	1.361
ˈaː	<|S|>	ˈɔ	1.844
ˈaː	<|S|>	ˈɛ	2.296
ˈaː	<|S|>	ˈɛɪ̯	2.959
ˈaː	<|S|>_F	ˈɛɪ̯	0.247
ˈaː	<|S|>_F	ˈa	3.807
ˈaː	<|S|>_F	ˈɔ	4.544
ˈaː	<|S|>_F	ˈɛ	4.544
ˈaː	<|S|>_N	ˈa	1.564
ˈaː	<|S|>_N	ˈɔ	1.692
ˈaː	<|S|>_N	ˈɛ	1.692
ˈaː	<|S|>_N	ˈɛɪ̯	4.544
ˈaː	<|S|>_R	ˈa	1.085
ˈaː	<|S|>_R	ˈɛ	1.175
ˈaː	<|S|>_R	ˈɔ	4.544
ˈaː	<|S|>_R	ˈɛɪ̯	4.544
ˈaː	<|S|F	ˈɛɪ̯	0.316
ˈaː	<|S|F	ˈa	3.485
ˈaː	<|S|F	ˈɔ	4.222
ˈaː	<|S|F	ˈɛ	4.222
ˈaː	<|S|N	ˈa	1.559
ˈaː	<|S|N	ˈɔ	1.72
ˈaː	<|S|N	ˈɛ	1.72
ˈaː	<|S|N	ˈɛɪ̯	4.222
ˈaː	<|S|R	ˈa	1.107
ˈaː	<|S|R	ˈɛ	1.222
ˈaː	<|S|R	ˈɔ	4.222
ˈaː	<|S|R	ˈɛɪ̯	4.222
ˈaː	F_<|S|	ˈɛ	0.316
ˈaː	F_<|S|	ˈa	3.485
ˈaː	F_<|S|	ˈɔ	4.222
ˈaː	F_<|S|	ˈɛɪ̯	4.222
ˈaː	F_<|S|>	ˈɛ	0.247
ˈaː	F_<|S|>	ˈa	3.807
ˈaː	F_<|S|>	ˈɔ	4.544
ˈaː	F_<|S|>	ˈɛɪ̯	4.544
ˈaː	F_<|S|>_N	ˈɛ	0.202
ˈaː	F_<|S|>_N	ˈa	4.07
ˈaː	F_<|S|N	ˈɛ	0.247
ˈaː	F_<|S|N	ˈa	3.807
ˈaː	F_<|S|N	ˈɔ	4.544
ˈaː	F_<|S|N	ˈɛɪ̯	4.544
ˈaː	F|S|	ˈɛ	0.438
ˈaː	F|S|	ˈa	3.07
ˈaː	F|S|	ˈɔ	3.807
ˈaː	F|S|	ˈɛɪ̯	3.807
ˈaː	F|S|>	ˈɛ	0.316
ˈaː	F|S|>	ˈa	3.485
ˈaː	F|S|>	ˈɔ	4.222
ˈaː	F|S|>	ˈɛɪ̯	4.222
ˈaː	F|S|>_N	ˈɛ	0.247
ˈaː	F|S|>_N	ˈa	3.807
ˈaː	F|S|>_N	ˈɔ	4.544
ˈaː	F|S|>_N	ˈɛɪ̯	4.544
ˈaː	F|S|N	ˈɛ	0.316
ˈaː	F|S|N	ˈa	3.485
ˈaː	F|S|N	ˈɔ	4.222
ˈaː	F|S|N	ˈɛɪ̯	4.222
ˈaː	|S|#	ˈɛɪ̯	0.438
ˈaː	|S|#	ˈa	3.07
ˈaː	|S|#	ˈɔ	3.807
ˈaː	|S|#	ˈɛ	3.807
ˈaː	|S|>	ˈa	1.413
ˈaː	|S|>	ˈɔ	2.15
ˈaː	|S|>	ˈɛ	2.15
ˈaː	|S|>	ˈɛɪ̯	2.523
ˈaː	|S|>_F	ˈɛɪ̯	0.316
ˈaː	|S|>_F	ˈa	3.485
ˈaː	|S|>_F	ˈɔ	4.222
ˈaː	|S|>_F	ˈɛ	4.222
ˈaː	|S|>_N	ˈa	1.559
ˈaː	|S|>_N	ˈɔ	1.72
ˈaː	|S|>_N	ˈɛ	1.72
ˈaː	|S|>_N	ˈɛɪ̯	4.222
ˈaː	|S|>_R	ˈa	1.107
ˈaː	|S|>_R	ˈɛ	1.222
ˈaː	|S|>_R	ˈɔ	4.222
ˈaː	|S|>_R	ˈɛɪ̯	4.222
ˈaː	|S|F	ˈɛɪ̯	0.438
ˈaː	|S|F	ˈa	3.07
ˈaː	|S|F	ˈɔ	3.807
ˈaː	|S|F	ˈɛ	3.807
ˈaː	|S|N	ˈa	1.551
ˈaː	|S|N	ˈɔ	1.768
ˈaː	|S|N	ˈɛ	1.768
ˈaː	|S|N	ˈɛɪ̯	3.807
ˈaː	|S|R	ˈa	1.144
ˈaː	|S|R	ˈɛ	1.305
ˈaː	|S|R	ˈɔ	3.807
ˈaː	|S|R	ˈɛɪ̯	3.807
ˈeː	<|S|	ˈɛ	0.263
ˈeː	<|S|>	ˈɛ	0.3
ˈeː	<|S|>_N	ˈɛ	0.0
ˈeː	<|S|N	ˈɛ	0.0
ˈeː	|S|>	ˈɛ	0.263
ˈeː	|S|>_N	ˈɛ	0.0
ˈeː	|S|N	ˈɛ	0.0
ˈi	#|S|	ˈɪ	1.0
ˈi	#|S|	-	1.322
ˈi	#|S|	ˈaɪ̯	3.322
ˈi	#|S|>	ˈɪ	1.0
ˈi	#|S|>	-	1.234
ˈi	#|S|>	ˈaɪ̯	3.737
ˈi	#|S|>_N	ˈɪ	0.152
ˈi	#|S|>_N	ˈaɪ̯	4.059
ˈi	#|S|>_N	-	4.644
ˈi	#|S|N	ˈɪ	0.193
ˈi	#|S|N	ˈaɪ̯	3.737
ˈi	#|S|N	-	4.322
ˈi	<|S|	ˈɪ	1.0
ˈi	<|S|	ˈaɪ̯	1.515
ˈi	<|S|	-	2.737
ˈi	<|S|#	ˈɪ	0.193
ˈi	<|S|#	ˈaɪ̯	3.737
ˈi	<|S|#	-	4.322
ˈi	<|S|>	ˈɪ	1.163
ˈi	<|S|>	ˈaɪ̯	1.335
ˈi	<|S|>	-	2.67
ˈi	<|S|>_N	ˈɪ	1.0
ˈi	<|S|>_N	ˈaɪ̯	1.12
ˈi	<|S|>_N	-	4.644
ˈi	<|S|N	ˈɪ	1.0
ˈi	<|S|N	ˈaɪ̯	1.152
ˈi	<|S|N	-	4.322
ˈi	|S|#	ˈɪ	0.263
ˈi	|S|#	ˈaɪ̯	3.322
ˈi	|S|#	-	3.907
ˈi	|S|>	ˈɪ	1.111
ˈi	|S|>	ˈaɪ̯	1.634
ˈi	|S|>	-	2.219
ˈi	|S|>_N	ˈɪ	0.678
ˈi	|S|>_N	ˈaɪ̯	1.621
ˈi	|S|>_N	-	4.322
ˈi	|S|N	ˈɪ	0.71
ˈi	|S|N	ˈaɪ̯	1.634
ˈi	|S|N	-	3.907
ˈiə̯	#|S|	ˈɛɪ̯	1.144
ˈiə̯	#|S|	ʀ	1.392
ˈiə̯	#|S|	ˈɪ	3.807
ˈiə̯	#|S|	ˈɔ	4.392
ˈiə̯	#|S|	ˈɛ	4.392
ˈiə̯	#|S|>	ˈɛɪ̯	1.107
ˈiə̯	#|S|>	ʀ	1.284
ˈiə̯	#|S|>	ˈɪ	4.222
ˈiə̯	#|S|>_N	ˈɛɪ̯	0.199
ˈiə̯	#|S|>_N	ˈɪ	4.544
ˈiə̯	#|S|N	ˈɛɪ̯	0.253
ˈiə̯	#|S|N	ˈɪ	4.222
ˈiə̯	<|S|	ˈɛɪ̯	1.551
ˈiə̯	<|S|	ˈɪ	2.07
ˈiə̯	<|S|	ˈɔ	2.655
ˈiə̯	<|S|	ˈɛ	2.655
ˈiə̯	<|S|	ʀ	3.277
ˈiə̯	<|S|#	ˈɛɪ̯	0.253
ˈiə̯	<|S|#	ˈɪ	4.222
ˈiə̯	<|S|>	ˈɛɪ̯	1.767
ˈiə̯	<|S|>	ˈɪ	1.954
ˈiə̯	<|S|>	ˈɔ	2.539
ˈiə̯	<|S|>	ˈɛ	2.539
ˈiə̯	<|S|>	ʀ	3.267
ˈiə̯	<|S|>_N	ˈɛɪ̯	0.859
ˈiə̯	<|S|>_N	ˈɪ	2.301
ˈiə̯	<|S|>_N	ˈɛ	2.407
ˈiə̯	<|S|N	ˈɛɪ̯	0.891
ˈiə̯	<|S|N	ˈɪ	2.296
ˈiə̯	<|S|N	ˈɛ	2.429
ˈiə̯	|S|#	ˈɛɪ̯	0.348
ˈiə̯	|S|#	ˈɪ	3.807
ˈiə̯	|S|#	ʀ	4.392
ˈiə̯	|S|#	ˈɔ	4.392
ˈiə̯	|S|#	ˈɛ	4.392
ˈiə̯	|S|>	ˈɛɪ̯	1.625
ˈiə̯	|S|>	ˈɪ	2.15
ˈiə̯	|S|>	ʀ	2.735
ˈiə̯	|S|>	ˈɔ	2.735
ˈiə̯	|S|>	ˈɛ	2.735
ˈiə̯	|S|>_N	ˈɛɪ̯	0.763
ˈiə̯	|S|>_N	ˈɪ	2.485
ˈiə̯	|S|>_N	ˈɛ	2.637
ˈiə̯	|S|N	ˈɛɪ̯	0.828
ˈiə̯	|S|N	ˈɪ	2.454
ˈiə̯	|S|N	ˈɛ	2.655
ˈiə̯	|S|N	ʀ	4.392
ˈiə̯	|S|N	ˈɔ	4.392
ˈiə̯_r	<|S|	ˈɔ_ʀ	0.0
ˈiə̯_r	<|S|#	ˈɔ_ʀ	0.0
ˈiə̯_r	F_<|S|	ˈɔ_ʀ	0.0
ˈiə̯_r	F_<|S|#	ˈɔ_ʀ	0.0
ˈiə̯_r	F|S|	ˈɔ_ʀ	0.0
ˈiə̯_r	F|S|#	ˈɔ_ʀ	0.0
ˈiə̯_r	|S|#	ˈɔ_ʀ	0.0
ˈiː	#|S|	ˈaɪ̯	0.206
ˈiː	#|S|	ˈɔ	3.907
ˈiː	#|S|	ˈɪ	3.907
ˈiː	#|S|>	ˈaɪ̯	0.152
ˈiː	#|S|>	ˈɔ	4.322
ˈiː	#|S|>	ˈɪ	4.322
ˈiː	<|S|	ˈaɪ̯	0.991
ˈiː	<|S|	ˈɔ	2.412
ˈiː	<|S|	ˈɪ	2.412
ˈiː	<|S|>	ˈaɪ̯	1.026
ˈiː	<|S|>	ˈɔ	2.424
ˈiː	<|S|>	ˈɪ	2.424
ˈiː	<|S|>_N	ˈɪ	0.803
ˈiː	<|S|>_N	ˈɔ	1.705
ˈiː	<|S|>_N	ˈaɪ̯	3.059
ˈiː	<|S|N	ˈɪ	0.862
ˈiː	<|S|N	ˈɔ	1.737
ˈiː	<|S|N	ˈaɪ̯	2.737
ˈiː	|S|>	ˈaɪ̯	0.907
ˈiː	|S|>	ˈɔ	2.492
ˈiː	|S|>	ˈɪ	2.492
ˈiː	|S|>_N	ˈɪ	0.862
ˈiː	|S|>_N	ˈɔ	1.737
ˈiː	|S|>_N	ˈaɪ̯	2.737
ˈiː	|S|N	ˈɪ	0.968
ˈiː	|S|N	ˈɔ	1.791
ˈiː	|S|N	ˈaɪ̯	2.322
ˈoə̯	<|S|	ˈɔ_ʀ	1.206
ˈoə̯	<|S|	ˈɔ	2.206
ˈoə̯	<|S|	ˈʊ	2.206
ˈoə̯	<|S|>	ˈɔ_ʀ	1.234
ˈoə̯	<|S|>	ˈɔ	2.234
ˈoə̯	<|S|>	ˈʊ	2.234
ˈoə̯	<|S|>_N	ˈɔ_ʀ	1.0
ˈoə̯	<|S|>_N	ˈɔ	2.0
ˈoə̯	<|S|>_N	ˈʊ	2.0
ˈoə̯	<|S|>_R	ˈʊ	1.152
ˈoə̯	<|S|>_R	ˈɔ_ʀ	3.322
ˈoə̯	<|S|>_R	ˈɔ	4.322
ˈoə̯	<|S|N	ˈɔ_ʀ	1.0
ˈoə̯	<|S|N	ˈɔ	2.0
ˈoə̯	<|S|N	ˈʊ	2.0
ˈoə̯	<|S|R	ˈʊ	1.193
ˈoə̯	<|S|R	ˈɔ_ʀ	3.0
ˈoə̯	<|S|R	ˈɔ	4.0
ˈoə̯	|S|>	ˈɔ_ʀ	1.206
ˈoə̯	|S|>	ˈɔ	2.206
ˈoə̯	|S|>	ˈʊ	2.206
ˈoə̯	|S|>_N	ˈɔ_ʀ	1.0
ˈoə̯	|S|>_N	ˈɔ	2.0
ˈoə̯	|S|>_N	ˈʊ	2.0
ˈoə̯	|S|>_R	ˈʊ	1.193
ˈoə̯	|S|>_R	ˈɔ_ʀ	3.0
ˈoə̯	|S|>_R	ˈɔ	4.0
ˈoə̯	|S|N	ˈɔ_ʀ	1.0
ˈoə̯	|S|N	ˈɔ	2.0
ˈoə̯	|S|N	ˈʊ	2.0
ˈoə̯	|S|R	ˈʊ	1.263
ˈoə̯	|S|R	ˈɔ_ʀ	2.585
ˈoə̯	|S|R	ˈɔ	3.585
ˈu	#|S|	ˈʊ	0.0
ˈu	#|S|>	ˈʊ	0.0
ˈu	#|S|>_N	ˈʊ	0.0
ˈu	#|S|N	ˈʊ	0.0
ˈu	<|S|	ˈʊ	0.263
ˈu	<|S|>	ˈʊ	0.3
ˈu	<|S|>_N	ˈʊ	0.0
ˈu	<|S|N	ˈʊ	0.0
ˈu	|S|>	ˈʊ	0.206
ˈu	|S|>_N	ˈʊ	0.0
ˈu	|S|N	ˈʊ	0.0
ˈuə̯	#|S|	ə	0.433
ˈuə̯	#|S|	ˈʊ	1.948
ˈuə̯	#|S|>	ə	0.312
ˈuə̯	#|S|>	ˈʊ	2.363
ˈuə̯	#|S|>_R	ə	0.244
ˈuə̯	#|S|>_R	ˈʊ	2.684
ˈuə̯	#|S|R	ə	0.312
ˈuə̯	#|S|R	ˈʊ	2.363
ˈuə̯	<|S|	ˈʊ	0.363
ˈuə̯	<|S|	ə	2.755
ˈuə̯	<|S|>	ˈʊ	0.363
ˈuə̯	<|S|>	ə	2.848
ˈuə̯	<|S|>_R	ˈʊ	1.244
ˈuə̯	<|S|>_R	ə	1.684
ˈuə̯	<|S|R	ˈʊ	1.17
ˈuə̯	<|S|R	ə	1.71
ˈuə̯	|S|>	ˈʊ	0.462
ˈuə̯	|S|>	ə	2.269
ˈuə̯	|S|>_R	ə	1.216
ˈuə̯	|S|>_R	ˈʊ	1.389
ˈuə̯	|S|R	ˈʊ	1.231
ˈuə̯	|S|R	ə	1.295
ˈuː	#|S|	ˈɔɪ̯	0.09
ˈuː	#|S|	ˈʊ	4.044
ˈuː	#|S|>	ˈɔɪ̯	0.067
ˈuː	#|S|>	ˈʊ	4.459
ˈuː	#|S|>_N	ˈɔɪ̯	0.053
ˈuː	#|S|N	ˈɔɪ̯	0.067
ˈuː	#|S|N	ˈʊ	4.459
ˈuː	<|S|	ˈɔɪ̯	0.401
ˈuː	<|S|	ˈʊ	2.459
ˈuː	<|S|>	ˈɔɪ̯	0.415
ˈuː	<|S|>	ˈʊ	2.459
ˈuː	<|S|>_N	ˈʊ	0.258
ˈuː	<|S|>_N	ˈɔɪ̯	2.611
ˈuː	<|S|N	ˈʊ	0.33
ˈuː	<|S|N	ˈɔɪ̯	2.29
ˈuː	F_<|S|	ˈɔɪ̯	2.29
ˈuː	F_<|S|	ˈʊ	4.459
ˈuː	F_<|S|>	ˈɔɪ̯	2.611
ˈuː	F|S|	ˈɔɪ̯	1.874
ˈuː	F|S|	ˈʊ	4.044
ˈuː	F|S|>	ˈɔɪ̯	2.29
ˈuː	F|S|>	ˈʊ	4.459
ˈuː	|S|>	ˈɔɪ̯	0.372
ˈuː	|S|>	ˈʊ	2.542
ˈuː	|S|>_N	ˈɔɪ̯	0.787
ˈuː	|S|>_N	ˈʊ	1.25
ˈuː	|S|N	ˈɔɪ̯	0.722
ˈuː	|S|N	ˈʊ	1.344
ˈu̯o	<|S|	ˈɪ	0.0
ˈu̯o	<|S|>	ˈɪ	0.0
ˈu̯o	|S|>	ˈɪ	0.0
ˈy	<|S|	-	0.0
ˈy	<|S|>	-	0.0
ˈy	<|S|>_N	-	0.0
ˈy	<|S|N	-	0.0
ˈy	F_<|S|	-	0.0
ˈy	F_<|S|>	-	0.0
ˈy	F|S|	-	0.0
ˈy	F|S|>	-	0.0
ˈy	|S|>	-	0.0
ˈy	|S|>_N	-	0.0
ˈy	|S|N	-	0.0
ˈyː	#|S|	ˈʊ	0.585
ˈyː	#|S|>	ˈʊ	0.678
ˈyː	<|S|	ˈʊ	0.0
ˈyː	<|S|>	ˈʊ	0.0
ˈyː	|S|>	ˈʊ	0.363
ˈøə̯	<|S|	ˈaɪ̯	0.0
ˈøə̯	<|S|>	ˈaɪ̯	0.0
ˈøə̯	<|S|>_N	ˈaɪ̯	0.0
ˈøə̯	<|S|N	ˈaɪ̯	0.0
ˈøə̯	|S|>	ˈaɪ̯	0.0
ˈøə̯	|S|>_N	ˈaɪ̯	0.0
ˈøə̯	|S|N	ˈaɪ̯	0.0
ˈɔ	#|S|	-	0.433
ˈɔ	#|S|	ˈɔ	3.17
ˈɔ	#|S|	ˈʊ	3.17
ˈɔ	#|S|>	-	0.312
ˈɔ	#|S|>	ˈɔ	3.585
ˈɔ	#|S|>	ˈʊ	3.585
ˈɔ	<|S|	ˈɔ	1.529
ˈɔ	<|S|	ˈʊ	1.529
ˈɔ	<|S|	-	2.383
ˈɔ	<|S|	ˈɪ	3.114
ˈɔ	<|S|>	ˈɔ	1.523
ˈɔ	<|S|>	ˈʊ	1.523
ˈɔ	<|S|>	-	2.412
ˈɔ	<|S|>	ˈɪ	3.108
ˈɔ	<|S|>_N	ˈʊ	0.501
ˈɔ	<|S|>_N	ˈɪ	2.456
ˈɔ	<|S|>_N	ˈɔ	3.907
ˈɔ	<|S|>_N	-	4.492
ˈɔ	<|S|N	ˈʊ	0.549
ˈɔ	<|S|N	ˈɪ	2.492
ˈɔ	<|S|N	ˈɔ	3.585
ˈɔ	<|S|N	-	4.17
ˈɔ	F_<|S|	-	0.848
ˈɔ	F_<|S|	ˈʊ	1.585
ˈɔ	F_<|S|	ˈɔ	3.585
ˈɔ	F_<|S|>	-	0.791
ˈɔ	F_<|S|>	ˈʊ	1.585
ˈɔ	F_<|S|>	ˈɔ	3.907
ˈɔ	F_<|S|>_N	ˈʊ	0.17
ˈɔ	F_<|S|>_N	ˈɔ	4.17
ˈɔ	F_<|S|N	ˈʊ	0.206
ˈɔ	F_<|S|N	ˈɔ	3.907
ˈɔ	F_<|S|N	-	4.492
ˈɔ	F|S|	-	0.948
ˈɔ	F|S|	ˈʊ	1.585
ˈɔ	F|S|	ˈɔ	3.17
ˈɔ	F|S|>	-	0.848
ˈɔ	F|S|>	ˈʊ	1.585
ˈɔ	F|S|>	ˈɔ	3.585
ˈɔ	F|S|>_N	ˈʊ	0.206
ˈɔ	F|S|>_N	ˈɔ	3.907
ˈɔ	F|S|>_N	-	4.492
ˈɔ	F|S|N	ˈʊ	0.263
ˈɔ	F|S|N	ˈɔ	3.585
ˈɔ	F|S|N	-	4.17
ˈɔ	|S|>	ˈɔ	1.585
ˈɔ	|S|>	ˈʊ	1.585
ˈɔ	|S|>	-	2.17
ˈɔ	|S|>	ˈɪ	3.17
ˈɔ	|S|>_N	ˈʊ	0.549
ˈɔ	|S|>_N	ˈɪ	2.492
ˈɔ	|S|>_N	ˈɔ	3.585
ˈɔ	|S|>_N	-	4.17
ˈɔ	|S|N	ˈʊ	0.634
ˈɔ	|S|N	ˈɪ	2.553
ˈɔ	|S|N	ˈɔ	3.17
ˈɔ	|S|N	-	3.755
ˈɔu̯	<|S|	-	0.0
ˈɔu̯	<|S|>	-	0.0
ˈɔu̯	F_<|S|	-	0.0
ˈɔu̯	F_<|S|>	-	0.0
ˈɔu̯	F|S|	-	0.0
ˈɔu̯	F|S|>	-	0.0
ˈɔu̯	|S|>	-	0.0
ˈɔː	<|S|	ˈa	0.737
ˈɔː	<|S|	ˈa_ɫ	1.322
ˈɔː	<|S|>	ˈa	0.737
ˈɔː	<|S|>	ˈa_ɫ	1.322
ˈɔː	<|S|>_N	ˈa	0.12
ˈɔː	<|S|>_N	ˈa_ɫ	3.644
ˈɔː	<|S|N	ˈa	0.152
ˈɔː	<|S|N	ˈa_ɫ	3.322
ˈɔː	|S|>	ˈa	0.737
ˈɔː	|S|>	ˈa_ɫ	1.322
ˈɔː	|S|>_N	ˈa	0.152
ˈɔː	|S|>_N	ˈa_ɫ	3.322
ˈɔː	|S|N	ˈa	0.206
ˈɔː	|S|N	ˈa_ɫ	2.907
ˈɛ	<|S|	ˈɛ	1.22
ˈɛ	<|S|	-	1.957
ˈɛ	<|S|	ˈa	1.957
ˈɛ	<|S|>	ˈɛ	1.231
ˈɛ	<|S|>	-	1.968
ˈɛ	<|S|>	ˈa	1.968
ˈɛ	<|S|>_F	-	0.227
ˈɛ	<|S|>_F	ˈɛ	3.459
ˈɛ	<|S|>_F	ˈa	4.196
ˈɛ	<|S|>_N	ˈɛ	0.167
ˈɛ	<|S|>_N	-	4.196
ˈɛ	<|S|>_N	ˈa	4.196
ˈɛ	<|S|>_R	ˈa	0.766
ˈɛ	<|S|>_R	ˈɛ	1.484
ˈɛ	<|S|>_R	-	4.196
ˈɛ	<|S|F	-	0.29
ˈɛ	<|S|F	ˈɛ	3.138
ˈɛ	<|S|F	ˈa	3.874
ˈɛ	<|S|N	ˈɛ	0.212
ˈɛ	<|S|N	-	3.874
ˈɛ	<|S|N	ˈa	3.874
ˈɛ	<|S|R	ˈa	0.816
ˈɛ	<|S|R	ˈɛ	1.459
ˈɛ	<|S|R	-	3.874
ˈɛ	F_<|S|	ˈɛ	1.033
ˈɛ	F_<|S|	-	1.174
ˈɛ	F_<|S|	ˈa	3.874
ˈɛ	F_<|S|>	ˈɛ	1.026
ˈɛ	F_<|S|>	-	1.138
ˈɛ	F_<|S|>	ˈa	4.196
ˈɛ	F_<|S|>_R	ˈɛ	0.138
ˈɛ	F_<|S|>_R	-	4.459
ˈɛ	F_<|S|>_R	ˈa	4.459
ˈɛ	F_<|S|R	ˈɛ	0.167
ˈɛ	F_<|S|R	-	4.196
ˈɛ	F_<|S|R	ˈa	4.196
ˈɛ	F|S|	ˈɛ	1.044
ˈɛ	F|S|	-	1.237
ˈɛ	F|S|	ˈa	3.459
ˈɛ	F|S|>	ˈɛ	1.033
ˈɛ	F|S|>	-	1.174
ˈɛ	F|S|>	ˈa	3.874
ˈɛ	F|S|>_R	ˈɛ	0.167
ˈɛ	F|S|>_R	-	4.196
ˈɛ	F|S|>_R	ˈa	4.196
ˈɛ	F|S|R	ˈɛ	0.212
ˈɛ	F|S|R	-	3.874
ˈɛ	F|S|R	ˈa	3.874
ˈɛ	|S|>	ˈɛ	1.22
ˈɛ	|S|>	-	1.957
ˈɛ	|S|>	ˈa	1.957
ˈɛ	|S|>_F	-	0.29
ˈɛ	|S|>_F	ˈɛ	3.138
ˈɛ	|S|>_F	ˈa	3.874
ˈɛ	|S|>_N	ˈɛ	0.212
ˈɛ	|S|>_N	-	3.874
ˈɛ	|S|>_N	ˈa	3.874
ˈɛ	|S|>_R	ˈa	0.816
ˈɛ	|S|>_R	ˈɛ	1.459
ˈɛ	|S|>_R	-	3.874
ˈɛ	|S|F	-	0.401
ˈɛ	|S|F	ˈɛ	2.722
ˈɛ	|S|F	ˈa	3.459
ˈɛ	|S|N	ˈɛ	0.29
ˈɛ	|S|N	-	3.459
ˈɛ	|S|N	ˈa	3.459
ˈɛ	|S|R	ˈa	0.901
ˈɛ	|S|R	ˈɛ	1.42
ˈɛ	|S|R	-	3.459
ˈɛi̯	<|S|	ˈɔ_ɡ	1.729
ˈɛi̯	<|S|	ˈɛ_k	1.729
ˈɛi̯	<|S|	ˈɛ_ɡ	1.729
ˈɛi̯	<|S|#	ˈɔ_ɡ	1.126
ˈɛi̯	<|S|#	ˈɛ_ɡ	1.126
ˈɛi̯	<|S|#	ˈɛ_k	3.585
ˈɛi̯	<|S|>	ˈɛ_k	1.383
ˈɛi̯	<|S|>	ˈɔ_ɡ	2.1
ˈɛi̯	<|S|>	ˈɛ_ɡ	2.1
ˈɛi̯	<|S|>_N	ˈɛ_ɡ	1.1
ˈɛi̯	<|S|>_N	ˈɔ_ɡ	3.907
ˈɛi̯	<|S|>_N	ˈɛ_k	3.907
ˈɛi̯	<|S|N	ˈɛ_ɡ	1.126
ˈɛi̯	<|S|N	ˈɔ_ɡ	3.585
ˈɛi̯	<|S|N	ˈɛ_k	3.585
ˈɛi̯	|S|#	ˈɔ_ɡ	1.17
ˈɛi̯	|S|#	ˈɛ_ɡ	1.17
ˈɛi̯	|S|#	ˈɛ_k	3.17
ˈɛi̯	|S|>	ˈɛ_k	1.404
ˈɛi̯	|S|>	ˈɔ_ɡ	2.032
ˈɛi̯	|S|>	ˈɛ_ɡ	2.032
ˈɛi̯	|S|>_N	ˈɛ_ɡ	1.126
ˈɛi̯	|S|>_N	ˈɔ_ɡ	3.585
ˈɛi̯	|S|>_N	ˈɛ_k	3.585
ˈɛi̯	|S|N	ˈɛ_ɡ	1.17
ˈɛi̯	|S|N	ˈɔ_ɡ	3.17
ˈɛi̯	|S|N	ˈɛ_k	3.17
ˈɛː	<|S|	-	0.0
ˈɛː	<|S|>	-	0.0
ˈɛː	|S|>	-	0.0
ˈɪ	#|S|	ˈɪ	0.88
ˈɪ	#|S|	ˈɛ	1.433
ˈɪ	#|S|	-	4.34
ˈɪ	#|S|>	ˈɪ	0.909
ˈɪ	#|S|>	ˈɛ	1.312
ˈɪ	<|S|	ˈɪ	0.652
ˈɪ	<|S|	-	2.68
ˈɪ	<|S|	ˈɛɪ̯	3.095
ˈɪ	<|S|	ˈɛ	3.468
ˈɪ	<|S|>	ˈɪ	0.65
ˈɪ	<|S|>	-	2.671
ˈɪ	<|S|>	ˈɛɪ̯	3.086
ˈɪ	<|S|>	ˈɛ	3.51
ˈɪ	<|S|>_N	ˈɪ	0.655
ˈɪ	<|S|>_N	ˈɛ	2.576
ˈɪ	<|S|>_N	-	3.288
ˈɪ	<|S|>_N	ˈɛɪ̯	3.397
ˈɪ	<|S|>_R	-	0.269
ˈɪ	<|S|>_R	ˈɪ	2.989
ˈɪ	<|S|N	ˈɪ	0.656
ˈɪ	<|S|N	ˈɛ	2.607
ˈɪ	<|S|N	-	3.249
ˈɪ	<|S|N	ˈɛɪ̯	3.381
ˈɪ	<|S|R	-	0.345
ˈɪ	<|S|R	ˈɪ	2.667
ˈɪ	F_<|S|	ˈɪ	0.909
ˈɪ	F_<|S|	-	2.155
ˈɪ	F_<|S|	ˈɛɪ̯	2.216
ˈɪ	F_<|S|>	ˈɪ	0.927
ˈɪ	F_<|S|>	-	2.123
ˈɪ	F_<|S|>	ˈɛɪ̯	2.17
ˈɪ	F_<|S|>_N	ˈɛɪ̯	0.231
ˈɪ	F_<|S|>_N	ˈɪ	3.252
ˈɪ	F_<|S|>_R	-	0.221
ˈɪ	F_<|S|>_R	ˈɪ	3.252
ˈɪ	F_<|S|N	ˈɛɪ̯	0.282
ˈɪ	F_<|S|N	ˈɪ	2.989
ˈɪ	F_<|S|R	-	0.269
ˈɪ	F_<|S|R	ˈɪ	2.989
ˈɪ	F|S|	ˈɪ	0.88
ˈɪ	F|S|	-	2.211
ˈɪ	F|S|	ˈɛɪ̯	2.295
ˈɪ	F|S|>	ˈɪ	0.909
ˈɪ	F|S|>	-	2.155
ˈɪ	F|S|>	ˈɛɪ̯	2.216
ˈɪ	F|S|>_N	ˈɛɪ̯	0.282
ˈɪ	F|S|>_N	ˈɪ	2.989
ˈɪ	F|S|>_R	-	0.269
ˈɪ	F|S|>_R	ˈɪ	2.989
ˈɪ	F|S|N	ˈɛɪ̯	0.363
ˈɪ	F|S|N	ˈɪ	2.667
ˈɪ	F|S|R	-	0.345
ˈɪ	F|S|R	ˈɪ	2.667
ˈɪ	|S|>	ˈɪ	0.667
ˈɪ	|S|>	-	2.755
ˈɪ	|S|>	ˈɛ	3.17
ˈɪ	|S|>	ˈɛɪ̯	3.17
ˈɪ	|S|>_N	ˈɪ	0.656
ˈɪ	|S|>_N	ˈɛ	2.607
ˈɪ	|S|>_N	-	3.249
ˈɪ	|S|>_N	ˈɛɪ̯	3.381
ˈɪ	|S|>_R	-	0.345
ˈɪ	|S|>_R	ˈɪ	2.667
ˈɪ	|S|N	ˈɪ	0.657
ˈɪ	|S|N	ˈɛ	2.66
ˈɪ	|S|N	-	3.185
ˈɪ	|S|N	ˈɛɪ̯	3.356
ˈɪ	|S|R	-	0.482
ˈɪ	|S|R	ˈɪ	2.252
ˈɪə̯	#|S|	ˈɔɪ̯	0.71
ˈɪə̯	#|S|	ˈa	3.807
ˈɪə̯	#|S|	-	4.392
ˈɪə̯	#|S|	ˈɛɪ̯	4.392
ˈɪə̯	#|S|>	ˈɔɪ̯	0.678
ˈɪə̯	#|S|>	ˈa	4.222
ˈɪə̯	#|S|>_R	ˈɔɪ̯	1.0
ˈɪə̯	#|S|>_R	ˈa	4.544
ˈɪə̯	#|S|R	ˈɔɪ̯	1.0
ˈɪə̯	#|S|R	ˈa	4.222
ˈɪə̯	<|S|	ˈɔɪ̯	1.415
ˈɪə̯	<|S|	ˈa	2.348
ˈɪə̯	<|S|	-	2.933
ˈɪə̯	<|S|	ˈɛɪ̯	2.933
ˈɪə̯	<|S|#	ˈɔɪ̯	3.0
ˈɪə̯	<|S|#	ˈa	4.222
ˈɪə̯	<|S|>	ˈɔɪ̯	1.274
ˈɪə̯	<|S|>	ˈa	2.141
ˈɪə̯	<|S|>	-	2.726
ˈɪə̯	<|S|>	ˈɛɪ̯	2.726
ˈɪə̯	<|S|>_N	ˈɔɪ̯	1.0
ˈɪə̯	<|S|>_N	-	2.129
ˈɪə̯	<|S|>_N	ˈɛɪ̯	2.129
ˈɪə̯	<|S|>_N	ˈa	4.544
ˈɪə̯	<|S|>_R	ˈɔɪ̯	3.322
ˈɪə̯	<|S|>_R	ˈa	4.544
ˈɪə̯	<|S|N	ˈɔɪ̯	1.0
ˈɪə̯	<|S|N	-	2.163
ˈɪə̯	<|S|N	ˈɛɪ̯	2.163
ˈɪə̯	<|S|N	ˈa	4.222
ˈɪə̯	<|S|R	ˈɔɪ̯	3.0
ˈɪə̯	<|S|R	ˈa	4.222
ˈɪə̯	|S|#	ˈɔɪ̯	2.585
ˈɪə̯	|S|#	ˈa	3.807
ˈɪə̯	|S|#	-	4.392
ˈɪə̯	|S|#	ˈɛɪ̯	4.392
ˈɪə̯	|S|>	ˈɔɪ̯	1.126
ˈɪə̯	|S|>	ˈa	2.348
ˈɪə̯	|S|>	-	2.933
ˈɪə̯	|S|>	ˈɛɪ̯	2.933
ˈɪə̯	|S|>_N	ˈɔɪ̯	1.0
ˈɪə̯	|S|>_N	-	2.163
ˈɪə̯	|S|>_N	ˈɛɪ̯	2.163
ˈɪə̯	|S|>_N	ˈa	4.222
ˈɪə̯	|S|>_R	ˈɔɪ̯	1.415
ˈɪə̯	|S|>_R	ˈa	4.222
ˈɪə̯	|S|N	ˈɔɪ̯	1.0
ˈɪə̯	|S|N	-	2.222
ˈɪə̯	|S|N	ˈɛɪ̯	2.222
ˈɪə̯	|S|N	ˈa	3.807
ˈɪə̯	|S|R	ˈɔɪ̯	1.363
ˈɪə̯	|S|R	ˈa	3.807
ˈɪə̯	|S|R	-	4.392
ˈɪə̯	|S|R	ˈɛɪ̯	4.392
ˈɪə̯_r	<|S|	ˈɛ_ʀ	0.0
ˈɪə̯_r	<|S|#	ˈɛ_ʀ	0.0
ˈɪə̯_r	<|S|<	ˈɛ_ʀ	0.0
ˈɪə̯_r	|S|#	ˈɛ_ʀ	0.0
ˈɪə̯_r	|S|<	ˈɛ_ʀ	0.0
χ	>|S|	χ	0.0
χ	>|S|#	χ	0.0
χ	>|S|>	χ	0.0
χ	F_>|S|	χ	0.0
χ	F_>|S|>	χ	0.0
χ	F|S|	χ	0.0
χ	F|S|>	χ	0.0
χ	|S|#	χ	0.0
χ	|S|>	χ	0.0