Phone1	PhonEnv	Phone2	Surprisal
b	#|S|	b	0.0
b	#|S|<	b	0.0
b	#|S|<_F	b	0.0
b	#|S|<_R	b	0.0
b	#|S|F	b	0.0
b	#|S|R	b	0.0
b	>|S|	b	0.585
b	>|S|<	b	0.678
b	>|S|<_F	b	0.0
b	>|S|F	b	0.0
b	|S|<	b	0.041
b	|S|<_F	b	0.0
b	|S|<_R	b	0.0
b	|S|F	b	0.0
b	|S|R	b	0.0
d	#|S|	d̥	2.392
d	#|S|	t	2.807
d	#|S|<	d̥	2.807
d	#|S|<	t	3.222
d	#|S|<_F	d̥	3.129
d	#|S|<_F	t	3.544
d	#|S|<_R	d̥	3.129
d	#|S|<_R	t	3.544
d	#|S|F	d̥	2.807
d	#|S|F	t	3.222
d	#|S|R	d̥	2.807
d	#|S|R	t	3.222
d	>|S|	d̥	0.933
d	>|S|	t	1.348
d	>|S|<	d̥	0.949
d	>|S|<	t	1.364
d	>|S|<_F	d̥	0.959
d	>|S|<_F	t	1.042
d	>|S|<_R	d̥	0.129
d	>|S|<_R	t	3.544
d	>|S|F	d̥	0.949
d	>|S|F	t	1.052
d	>|S|R	d̥	0.163
d	>|S|R	t	3.222
d	|S|<	d̥	1.706
d	|S|<	t	2.121
d	|S|<_F	d̥	1.772
d	|S|<_F	t	1.959
d	|S|<_R	d̥	1.9
d	|S|<_R	t	3.222
d	|S|F	d̥	1.627
d	|S|F	t	1.856
d	|S|R	d̥	1.729
d	|S|R	t	2.807
d_u	>|S|	d̥	0.0
d_u	>|S|>	d̥	0.0
d_u	|S|>	d̥	0.0
d_ɑ	>|S|	d̥	0.0
d_ɑ	>|S|>	d̥	0.0
d_ɑ	|S|>	d̥	0.0
e	<|S|	ə	0.415
e	<|S|	ɛ	2.0
e	<|S|>	ə	0.415
e	<|S|>	ɛ	2.0
e	<|S|>_R	ə	0.074
e	<|S|>_R	ɛ	4.322
e	<|S|R	ə	0.093
e	<|S|R	ɛ	4.0
e	|S|>	ə	0.415
e	|S|>	ɛ	2.0
e	|S|>_R	ə	0.093
e	|S|>_R	ɛ	4.0
e	|S|R	ə	0.126
e	|S|R	ɛ	3.585
i	<|S|	-	0.656
i	<|S|	ə	1.734
i	<|S|#	ə	1.598
i	<|S|#	-	2.559
i	<|S|>	-	0.559
i	<|S|>	ə	1.763
i	<|S|>_F	-	0.24
i	<|S|>_F	ə	3.959
i	<|S|>_N	ə	0.21
i	<|S|>_N	-	2.881
i	<|S|F	-	0.258
i	<|S|F	ə	3.637
i	<|S|N	ə	0.268
i	<|S|N	-	2.559
i	|S|#	ə	1.602
i	|S|#	-	2.144
i	|S|>	-	0.559
i	|S|>	ə	1.748
i	|S|>_F	-	0.258
i	|S|>_F	ə	3.637
i	|S|>_N	ə	0.268
i	|S|>_N	-	2.559
i	|S|F	-	0.288
i	|S|F	ə	3.222
i	|S|N	ə	0.37
i	|S|N	-	2.144
i_ɸ	<|S|	f	0.0
i_ɸ	<|S|#	f	0.0
i_ɸ	|S|#	f	0.0
iː	<|S|	ə	0.363
iː	<|S|#	ə	0.415
iː	|S|#	ə	0.363
j	#|S|	-	1.585
j	#|S|<	-	2.0
j	#|S|<_F	-	2.322
j	#|S|F	-	2.0
j	<|S|	-	0.0
j	<|S|<	-	0.0
j	=|S|	-	1.585
j	=|S|<	-	2.0
j	>|S|	-	0.263
j	>|S|<	-	0.3
j	F_>|S|	-	0.3
j	F_>|S|<	-	0.322
j	F|S|	-	0.263
j	F|S|<	-	0.3
j	|S|<	-	0.507
j	|S|<_F	-	2.0
j	|S|F	-	1.585
j_ɑ	<|S|	ə	0.0
j_ɑ	<|S|>	ə	0.0
j_ɑ	<|S|>_N	ə	0.0
j_ɑ	<|S|N	ə	0.0
j_ɑ	>|S|	ə	0.0
j_ɑ	>|S|>	ə	0.0
j_ɑ	>|S|>_N	ə	0.0
j_ɑ	>|S|N	ə	0.0
j_ɑ	F_>|S|	ə	0.0
j_ɑ	F_>|S|>	ə	0.0
j_ɑ	F_>|S|>_N	ə	0.0
j_ɑ	F_>|S|N	ə	0.0
j_ɑ	F|S|	ə	0.0
j_ɑ	F|S|>	ə	0.0
j_ɑ	F|S|>_N	ə	0.0
j_ɑ	F|S|N	ə	0.0
j_ɑ	|S|>	ə	0.0
j_ɑ	|S|>_N	ə	0.0
j_ɑ	|S|N	ə	0.0
k	#|S|	k	2.277
k	#|S|	x	3.492
k	#|S|	xː	3.492
k	#|S|	kː	4.492
k	#|S|<	k	2.392
k	#|S|<	x	3.907
k	#|S|<	xː	3.907
k	#|S|<	kː	4.907
k	#|S|<_F	k	1.1
k	#|S|<_F	x	4.229
k	#|S|<_F	xː	4.229
k	#|S|<_N	k	3.907
k	#|S|<_N	x	4.229
k	#|S|<_N	xː	4.229
k	#|S|F	k	1.126
k	#|S|F	x	3.907
k	#|S|F	xː	3.907
k	#|S|F	kː	4.907
k	#|S|N	k	3.585
k	#|S|N	x	3.907
k	#|S|N	xː	3.907
k	#|S|N	kː	4.907
k	>|S|	x	1.766
k	>|S|	xː	1.766
k	>|S|	k	1.916
k	>|S|	kː	2.766
k	>|S|#	x	0.292
k	>|S|#	k	3.585
k	>|S|#	xː	3.907
k	>|S|#	kː	4.907
k	>|S|<	xː	1.559
k	>|S|<	k	1.796
k	>|S|<	x	2.3
k	>|S|<	kː	2.559
k	>|S|<_F	x	0.229
k	>|S|<_F	k	3.907
k	>|S|<_F	xː	4.229
k	>|S|<_N	xː	1.141
k	>|S|<_N	kː	1.229
k	>|S|<_N	k	3.907
k	>|S|<_N	x	4.229
k	>|S|F	x	0.292
k	>|S|F	k	3.585
k	>|S|F	xː	3.907
k	>|S|F	kː	4.907
k	>|S|N	xː	1.179
k	>|S|N	kː	1.292
k	>|S|N	k	3.585
k	>|S|N	x	3.907
k	F_>|S|	x	1.179
k	F_>|S|	xː	1.659
k	F_>|S|	kː	2.659
k	F_>|S|	k	3.585
k	F_>|S|#	x	0.229
k	F_>|S|#	k	3.907
k	F_>|S|#	xː	4.229
k	F_>|S|<	xː	1.141
k	F_>|S|<	x	1.981
k	F_>|S|<	kː	2.141
k	F_>|S|<	k	3.907
k	F|S|	x	1.244
k	F|S|	xː	1.684
k	F|S|	kː	2.684
k	F|S|	k	3.17
k	F|S|#	x	0.292
k	F|S|#	k	3.585
k	F|S|#	xː	3.907
k	F|S|#	kː	4.907
k	F|S|<	xː	1.179
k	F|S|<	x	1.976
k	F|S|<	kː	2.179
k	F|S|<	k	3.585
k	|S|#	x	0.404
k	|S|#	k	3.17
k	|S|#	xː	3.492
k	|S|#	kː	4.492
k	|S|<	k	2.032
k	|S|<	xː	2.354
k	|S|<	x	2.814
k	|S|<	kː	3.354
k	|S|<_F	k	1.585
k	|S|<_F	x	1.659
k	|S|<_F	xː	3.907
k	|S|<_F	kː	4.907
k	|S|<_N	xː	1.976
k	|S|<_N	kː	2.179
k	|S|<_N	k	3.585
k	|S|<_N	x	3.907
k	|S|F	k	1.585
k	|S|F	x	1.684
k	|S|F	xː	3.492
k	|S|F	kː	4.492
k	|S|N	xː	1.968
k	|S|N	kː	2.244
k	|S|N	k	3.17
k	|S|N	x	3.492
k_i	>|S|	xː	0.0
k_i	>|S|>	xː	0.0
k_i	>|S|>_F	xː	0.0
k_i	>|S|F	xː	0.0
k_i	F_>|S|	xː	0.0
k_i	F_>|S|>	xː	0.0
k_i	F_>|S|>_F	xː	0.0
k_i	F_>|S|F	xː	0.0
k_i	F|S|	xː	0.0
k_i	F|S|>	xː	0.0
k_i	F|S|>_F	xː	0.0
k_i	F|S|F	xː	0.0
k_i	|S|>	xː	0.0
k_i	|S|>_F	xː	0.0
k_i	|S|F	xː	0.0
kʷ	#|S|	-	0.0
kʷ	#|S|<	-	0.0
kʷ	#|S|<_F	-	0.0
kʷ	#|S|F	-	0.0
kʷ	>|S|	-	0.0
kʷ	>|S|<	-	0.0
kʷ	|S|<	-	0.0
kʷ	|S|<_F	-	0.0
kʷ	|S|F	-	0.0
kː	>|S|	-	0.0
kː	>|S|<	-	0.0
kː	>|S|<_F	-	0.0
kː	>|S|F	-	0.0
kː	|S|<	-	0.0
kː	|S|<_F	-	0.0
kː	|S|F	-	0.0
l	#|S|	l	1.585
l	#|S|<	l	2.0
l	#|S|<_F	l	2.322
l	#|S|F	l	2.0
l	<|S|	l	0.07
l	<|S|<	l	0.079
l	<|S|<_F	l	0.0
l	<|S|F	l	0.0
l	>|S|	l	0.0
l	>|S|<	l	0.0
l	>|S|<_F	l	0.0
l	>|S|>	l	0.0
l	>|S|F	l	0.0
l	F_>|S|	l	0.0
l	F_>|S|<	l	0.0
l	F_>|S|>	l	0.0
l	F|S|	l	0.0
l	F|S|<	l	0.0
l	F|S|>	l	0.0
l	|S|<	l	0.374
l	|S|<_F	l	0.613
l	|S|>	l	0.0
l	|S|F	l	0.531
l_ɑ	<|S|	ə_l	0.322
l_ɑ	<|S|	l	2.322
l_ɑ	<|S|>	ə_l	0.234
l_ɑ	<|S|>	l	2.737
l_ɑ	>|S|	l	0.206
l_ɑ	>|S|	ə_l	2.907
l_ɑ	>|S|>	l	0.152
l_ɑ	>|S|>	ə_l	3.322
l_ɑ	F_>|S|	l	0.152
l_ɑ	F_>|S|	ə_l	3.322
l_ɑ	F_>|S|>	l	0.12
l_ɑ	F_>|S|>	ə_l	3.644
l_ɑ	F|S|	l	0.206
l_ɑ	F|S|	ə_l	2.907
l_ɑ	F|S|>	l	0.152
l_ɑ	F|S|>	ə_l	3.322
l_ɑ	|S|>	l	0.737
l_ɑ	|S|>	ə_l	1.322
lː	>|S|	lː	0.363
lː	>|S|<	lː	0.415
lː	|S|<	lː	0.363
m	#|S|	m	0.032
m	#|S|<	m	0.024
m	#|S|<_F	m	0.019
m	#|S|F	m	0.024
m	>|S|	m	0.18
m	>|S|	n	3.09
m	>|S|<	m	0.024
m	>|S|<_F	m	0.019
m	>|S|>	m	0.717
m	>|S|>	n	1.352
m	>|S|F	m	0.024
m	F_>|S|	m	0.447
m	F_>|S|	n	1.907
m	F_>|S|<	m	0.019
m	F_>|S|>	m	0.769
m	F_>|S|>	n	1.275
m	F|S|	m	0.404
m	F|S|	n	2.032
m	F|S|<	m	0.024
m	F|S|>	m	0.717
m	F|S|>	n	1.352
m	|S|<	m	0.032
m	|S|<_F	m	0.024
m	|S|>	m	0.634
m	|S|>	n	1.492
m	|S|F	m	0.032
m_ɔːː	>|S|	m_ə	0.0
m_ɔːː	>|S|#	m_ə	0.0
m_ɔːː	|S|#	m_ə	0.0
mː	>|S|	mː	0.0
mː	>|S|<	mː	0.0
mː	F_>|S|	mː	0.0
mː	F_>|S|<	mː	0.0
mː	F|S|	mː	0.0
mː	F|S|<	mː	0.0
mː	|S|<	mː	0.0
n	#|S|	n	1.788
n	#|S|<	n	2.203
n	#|S|<_F	n	2.525
n	#|S|F	n	2.203
n	<|S|	n	0.846
n	<|S|	ə_n	1.471
n	<|S|	-	3.59
n	<|S|<	n	0.951
n	<|S|<	ə_n	1.338
n	<|S|<	-	3.518
n	<|S|<_F	n	0.038
n	<|S|F	n	0.048
n	>|S|	n	0.104
n	>|S|	-	4.555
n	>|S|#	n	0.048
n	>|S|<	n	0.118
n	>|S|<	-	4.114
n	>|S|<_F	n	0.297
n	>|S|<_F	-	2.558
n	>|S|<_R	n	0.038
n	>|S|>	n	0.048
n	>|S|F	n	0.291
n	>|S|F	-	2.623
n	>|S|R	n	0.048
n	F_>|S|	n	0.048
n	F_>|S|#	n	0.038
n	F_>|S|<	n	0.038
n	F_>|S|<_F	n	0.032
n	F_>|S|>	n	0.038
n	F_>|S|F	n	0.038
n	F|S|	n	0.064
n	F|S|#	n	0.048
n	F|S|<	n	0.048
n	F|S|<_F	n	0.038
n	F|S|>	n	0.048
n	F|S|F	n	0.048
n	|S|#	n	0.064
n	|S|<	n	0.421
n	|S|<	ə_n	3.432
n	|S|<	-	4.169
n	|S|<_F	n	0.544
n	|S|<_F	-	3.237
n	|S|<_R	n	0.048
n	|S|>	n	0.064
n	|S|F	n	0.502
n	|S|F	-	3.326
n	|S|R	n	0.064
nː	>|S|	nː	0.585
nː	>|S|	n	1.585
nː	>|S|#	n	0.263
nː	>|S|#	nː	2.585
nː	>|S|<	nː	0.383
nː	>|S|<	n	2.1
nː	>|S|<_F	nː	0.585
nː	>|S|<_F	n	1.585
nː	>|S|F	nː	0.585
nː	>|S|F	n	1.585
nː	|S|#	n	0.363
nː	|S|#	nː	2.17
nː	|S|<	nː	0.404
nː	|S|<	n	2.032
nː	|S|<_F	nː	0.585
nː	|S|<_F	n	1.585
nː	|S|F	nː	0.585
nː	|S|F	n	1.585
p	#|S|	f	2.237
p	#|S|	p͡f	4.044
p	#|S|	fː	5.044
p	#|S|	p	5.044
p	#|S|<	f	2.652
p	#|S|<	p͡f	4.459
p	>|S|	f	0.652
p	>|S|	p͡f	2.459
p	>|S|	fː	3.459
p	>|S|	p	3.459
p	>|S|<	f	0.652
p	>|S|<	p͡f	2.459
p	>|S|<	fː	3.459
p	>|S|<	p	3.459
p	>|S|<_N	f	0.109
p	>|S|<_N	p͡f	4.781
p	>|S|<_R	p	0.29
p	>|S|<_R	f	2.974
p	>|S|<_R	p͡f	4.781
p	>|S|N	f	0.138
p	>|S|N	p͡f	4.459
p	>|S|R	p	0.372
p	>|S|R	f	2.652
p	>|S|R	p͡f	4.459
p	F_>|S|	f	0.138
p	F_>|S|	p͡f	4.459
p	F_>|S|<	f	0.109
p	F_>|S|<	p͡f	4.781
p	F_>|S|<_N	f	0.09
p	F_>|S|<_N	p͡f	5.044
p	F_>|S|N	f	0.109
p	F_>|S|N	p͡f	4.781
p	F|S|	f	0.186
p	F|S|	p͡f	4.044
p	F|S|	fː	5.044
p	F|S|	p	5.044
p	F|S|<	f	0.138
p	F|S|<	p͡f	4.459
p	F|S|<_N	f	0.109
p	F|S|<_N	p͡f	4.781
p	F|S|N	f	0.138
p	F|S|N	p͡f	4.459
p	|S|<	f	0.808
p	|S|<	p͡f	2.616
p	|S|<	fː	3.616
p	|S|<	p	3.616
p	|S|<_N	f	0.138
p	|S|<_N	p͡f	4.459
p	|S|<_R	p	0.372
p	|S|<_R	f	2.652
p	|S|<_R	p͡f	4.459
p	|S|N	f	0.186
p	|S|N	p͡f	4.044
p	|S|N	fː	5.044
p	|S|N	p	5.044
p	|S|R	p	0.521
p	|S|R	f	2.237
p	|S|R	p͡f	4.044
p	|S|R	fː	5.044
pː	>|S|	-	0.0
pː	>|S|<	-	0.0
pː	|S|<	-	0.0
r	#|S|	r	1.803
r	#|S|	ə_r	4.907
r	#|S|<	r	2.218
r	#|S|<_F	r	2.54
r	#|S|F	r	2.218
r	<|S|	r	0.346
r	<|S|	ə_r	2.714
r	<|S|	-	4.751
r	<|S|<	r	0.363
r	<|S|<	ə_r	2.654
r	<|S|<	-	4.765
r	<|S|<_F	r	0.041
r	<|S|F	r	0.051
r	>|S|	r	0.452
r	>|S|	-	4.898
r	>|S|	ə_r	4.907
r	>|S|#	r	2.218
r	>|S|<	r	0.051
r	>|S|<_F	r	0.041
r	>|S|>	r	0.128
r	>|S|>	-	4.059
r	>|S|>_N	r	0.041
r	>|S|F	r	0.051
r	>|S|N	r	0.051
r	F_>|S|	r	0.708
r	F_>|S|#	r	2.54
r	F_>|S|<	r	0.041
r	F_>|S|>	r	0.041
r	F|S|	r	0.645
r	F|S|	ə_r	4.907
r	F|S|#	r	2.218
r	F|S|<	r	0.051
r	F|S|>	r	0.051
r	|S|#	r	1.803
r	|S|#	ə_r	4.907
r	|S|<	r	0.399
r	|S|<	ə_r	3.125
r	|S|<	-	5.079
r	|S|<_F	r	0.314
r	|S|>	r	0.138
r	|S|>	-	4.113
r	|S|>	ə_r	4.907
r	|S|>_N	r	0.051
r	|S|F	r	0.303
r	|S|F	ə_r	4.907
r	|S|N	r	0.069
r	|S|N	ə_r	4.907
r_i	>|S|	r	0.0
r_i	>|S|>	r	0.0
r_i	>|S|>_F	r	0.0
r_i	>|S|F	r	0.0
r_i	F_>|S|	r	0.0
r_i	F_>|S|>	r	0.0
r_i	F_>|S|>_F	r	0.0
r_i	F_>|S|F	r	0.0
r_i	F|S|	r	0.0
r_i	F|S|>	r	0.0
r_i	F|S|>_F	r	0.0
r_i	F|S|F	r	0.0
r_i	|S|>	r	0.0
r_i	|S|>_F	r	0.0
r_i	|S|F	r	0.0
r_n	>|S|	r_n	0.0
r_n	>|S|<	r_n	0.0
r_n	F_>|S|	r_n	0.0
r_n	F_>|S|<	r_n	0.0
r_n	F|S|	r_n	0.0
r_n	F|S|<	r_n	0.0
r_n	|S|<	r_n	0.0
r_u	<|S|	ə_r	0.0
r_u	<|S|>	ə_r	0.0
r_u	|S|>	ə_r	0.0
r_ɑ	<|S|	ə_r	0.0
r_ɑ	<|S|>	ə_r	0.0
r_ɑ	|S|>	ə_r	0.0
s	#|S|	s	0.712
s	#|S|	ʃ	1.411
s	#|S|<	s	0.617
s	#|S|<	ʃ	1.566
s	#|S|<_F	s	0.095
s	#|S|<_F	ʃ	4.158
s	#|S|<_N	ʃ	0.224
s	#|S|<_N	s	2.878
s	#|S|>	ʃ	0.578
s	#|S|>	s	1.644
s	#|S|F	s	0.12
s	#|S|F	ʃ	3.837
s	#|S|N	ʃ	0.286
s	#|S|N	s	2.556
s	<|S|	s	2.141
s	<|S|	ʃ	3.421
s	<|S|#	s	2.556
s	<|S|#	ʃ	3.837
s	=|S|	s	0.837
s	=|S|	ʃ	3.421
s	=|S|#	s	1.252
s	=|S|#	ʃ	3.837
s	=|S|<	s	0.12
s	=|S|<	ʃ	3.837
s	>|S|	s	0.314
s	>|S|	-	3.29
s	>|S|	ʃ	3.421
s	>|S|#	s	0.12
s	>|S|#	ʃ	3.837
s	>|S|<	s	0.352
s	>|S|<	-	2.772
s	>|S|<	ʃ	3.837
s	>|S|<_F	s	0.095
s	>|S|<_F	ʃ	4.158
s	>|S|F	s	0.12
s	>|S|F	ʃ	3.837
s	F_>|S|	s	0.12
s	F_>|S|	ʃ	3.837
s	F_>|S|<	s	0.095
s	F_>|S|<	ʃ	4.158
s	F|S|	s	0.163
s	F|S|	ʃ	3.421
s	F|S|<	s	0.12
s	F|S|<	ʃ	3.837
s	|S|#	s	0.744
s	|S|#	ʃ	3.421
s	|S|<	s	0.528
s	|S|<	ʃ	1.943
s	|S|<	-	4.421
s	|S|<_F	s	0.12
s	|S|<_F	ʃ	3.837
s	|S|<_N	ʃ	0.286
s	|S|<_N	s	2.556
s	|S|>	ʃ	0.674
s	|S|>	s	1.474
s	|S|F	s	0.163
s	|S|F	ʃ	3.421
s	|S|N	ʃ	0.396
s	|S|N	s	2.141
s_k	#|S|	ʃ	0.17
s_k	#|S|	ʃː	3.17
s_k	#|S|<	ʃ	0.126
s_k	#|S|<	ʃː	3.585
s_k	#|S|<_F	ʃ	0.1
s_k	#|S|<_F	ʃː	3.907
s_k	#|S|F	ʃ	0.126
s_k	#|S|F	ʃː	3.585
s_k	>|S|	ʃː	0.768
s_k	>|S|	ʃ	1.277
s_k	>|S|<	ʃː	0.692
s_k	>|S|<	ʃ	1.392
s_k	>|S|<_F	ʃ	0.907
s_k	>|S|<_F	ʃː	1.1
s_k	>|S|F	ʃ	0.885
s_k	>|S|F	ʃː	1.126
s_k	F_>|S|	ʃː	0.631
s_k	F_>|S|	ʃ	1.497
s_k	F_>|S|<	ʃː	0.585
s_k	F_>|S|<	ʃ	1.585
s_k	F|S|	ʃː	0.71
s_k	F|S|	ʃ	1.363
s_k	F|S|<	ʃː	0.631
s_k	F|S|<	ʃ	1.497
s_k	|S|<	ʃ	0.585
s_k	|S|<	ʃː	1.585
s_k	|S|<_F	ʃ	0.305
s_k	|S|<_F	ʃː	2.392
s_k	|S|F	ʃ	0.333
s_k	|S|F	ʃː	2.277
s_t	>|S|	s_t	0.0
s_t	>|S|<	s_t	0.0
s_t	>|S|<_F	s_t	0.0
s_t	>|S|F	s_t	0.0
s_t	F_>|S|	s_t	0.0
s_t	F_>|S|<	s_t	0.0
s_t	F_>|S|<_F	s_t	0.0
s_t	F_>|S|F	s_t	0.0
s_t	F|S|	s_t	0.0
s_t	F|S|<	s_t	0.0
s_t	F|S|<_F	s_t	0.0
s_t	F|S|F	s_t	0.0
s_t	|S|<	s_t	0.0
s_t	|S|<_F	s_t	0.0
s_t	|S|F	s_t	0.0
s_ˈɑ	#|S|	s_ˈɑ	0.0
s_ˈɑ	#|S|>	s_ˈɑ	0.0
s_ˈɑ	#|S|>_N	s_ˈɑ	0.0
s_ˈɑ	#|S|N	s_ˈɑ	0.0
s_ˈɑ	|S|>	s_ˈɑ	0.0
s_ˈɑ	|S|>_N	s_ˈɑ	0.0
s_ˈɑ	|S|N	s_ˈɑ	0.0
sː	>|S|	s	0.0
sː	>|S|<	s	0.0
sː	|S|<	s	0.0
t	#|S|	t	2.761
t	#|S|	s̻	3.109
t	#|S|	ʦ	3.787
t	#|S|	s̻ː	4.109
t	#|S|<	t	2.906
t	#|S|<	s̻	3.524
t	#|S|<	ʦ	4.202
t	#|S|<	s̻ː	4.524
t	#|S|<_F	s̻	3.845
t	#|S|<_F	t	4.261
t	#|S|<_F	ʦ	4.524
t	#|S|<_F	s̻ː	4.845
t	#|S|<_R	t	0.231
t	#|S|<_R	s̻	3.845
t	#|S|<_R	ʦ	4.524
t	#|S|<_R	s̻ː	4.845
t	#|S|F	s̻	3.524
t	#|S|F	t	3.939
t	#|S|F	ʦ	4.202
t	#|S|F	s̻ː	4.524
t	#|S|R	t	0.295
t	#|S|R	s̻	3.524
t	#|S|R	ʦ	4.202
t	#|S|R	s̻ː	4.524
t	>|S|	s̻	1.524
t	>|S|	t	2.109
t	>|S|	ʦ	2.202
t	>|S|	s̻ː	2.524
t	>|S|#	s̻	0.257
t	>|S|#	t	3.939
t	>|S|#	ʦ	4.202
t	>|S|#	s̻ː	4.524
t	>|S|<	s̻	1.731
t	>|S|<	t	2.036
t	>|S|<	ʦ	2.102
t	>|S|<	s̻ː	2.424
t	>|S|<_F	ʦ	1.46
t	>|S|<_F	s̻	2.123
t	>|S|<_F	t	2.237
t	>|S|<_F	s̻ː	4.845
t	>|S|<_R	t	0.231
t	>|S|<_R	s̻	3.845
t	>|S|<_R	ʦ	4.524
t	>|S|<_R	s̻ː	4.845
t	>|S|F	ʦ	1.497
t	>|S|F	s̻	2.077
t	>|S|F	t	2.216
t	>|S|F	s̻ː	4.524
t	>|S|R	t	0.295
t	>|S|R	s̻	3.524
t	>|S|R	ʦ	4.202
t	>|S|R	s̻ː	4.524
t	F_>|S|	s̻	1.292
t	F_>|S|	s̻ː	1.956
t	F_>|S|	ʦ	2.63
t	F_>|S|	t	3.939
t	F_>|S|<	s̻	1.278
t	F_>|S|<	s̻ː	1.925
t	F_>|S|<	ʦ	2.664
t	F_>|S|<	t	4.261
t	F_>|S|<_F	ʦ	1.143
t	F_>|S|<_F	s̻	4.109
t	F_>|S|<_F	t	4.524
t	F_>|S|F	ʦ	1.173
t	F_>|S|F	s̻	3.845
t	F_>|S|F	t	4.261
t	F_>|S|F	s̻ː	4.845
t	F|S|	s̻	1.316
t	F|S|	s̻ː	2.009
t	F|S|	ʦ	2.576
t	F|S|	t	3.524
t	F|S|<	s̻	1.292
t	F|S|<	s̻ː	1.956
t	F|S|<	ʦ	2.63
t	F|S|<	t	3.939
t	F|S|<_F	ʦ	1.173
t	F|S|<_F	s̻	3.845
t	F|S|<_F	t	4.261
t	F|S|<_F	s̻ː	4.845
t	F|S|F	ʦ	1.22
t	F|S|F	s̻	3.524
t	F|S|F	t	3.939
t	F|S|F	s̻ː	4.524
t	|S|#	s̻	0.354
t	|S|#	t	3.524
t	|S|#	ʦ	3.787
t	|S|#	s̻ː	4.109
t	|S|<	s̻	2.053
t	|S|<	t	2.238
t	|S|<	ʦ	2.501
t	|S|<	s̻ː	2.823
t	|S|<_F	ʦ	1.896
t	|S|<_F	s̻	2.365
t	|S|<_F	t	2.537
t	|S|<_F	s̻ː	4.524
t	|S|<_R	t	0.295
t	|S|<_R	s̻	3.524
t	|S|<_R	ʦ	4.202
t	|S|<_R	s̻ː	4.524
t	|S|F	ʦ	1.927
t	|S|F	s̻	2.243
t	|S|F	t	2.456
t	|S|F	s̻ː	4.109
t	|S|R	t	0.408
t	|S|R	s̻	3.109
t	|S|R	ʦ	3.787
t	|S|R	s̻ː	4.109
t_s	>|S|	s̻	0.0
t_s	>|S|#	s̻	0.0
t_s	|S|#	s̻	0.0
t_ɑ	>|S|	s̻	0.0
t_ɑ	>|S|>	s̻	0.0
t_ɑ	F_>|S|	s̻	0.0
t_ɑ	F_>|S|>	s̻	0.0
t_ɑ	F|S|	s̻	0.0
t_ɑ	F|S|>	s̻	0.0
t_ɑ	|S|>	s̻	0.0
u	<|S|	ə	0.503
u	<|S|	-	1.766
u	<|S|#	ə	0.11
u	<|S|#	-	3.766
u	<|S|>	ə	0.564
u	<|S|>	-	1.628
u	<|S|>_N	ə	0.087
u	<|S|>_N	-	4.087
u	<|S|N	ə	0.11
u	<|S|N	-	3.766
u	|S|#	ə	0.149
u	|S|#	-	3.35
u	|S|>	ə	0.557
u	|S|>	-	1.643
u	|S|>_N	ə	0.11
u	|S|>_N	-	3.766
u	|S|N	ə	0.149
u	|S|N	-	3.35
w	#|S|	w	0.056
w	#|S|	-	4.714
w	#|S|<	w	0.042
w	#|S|<_F	w	0.033
w	#|S|F	w	0.042
w	<|S|	w	0.233
w	<|S|	-	2.745
w	<|S|<	w	0.241
w	<|S|<	-	2.703
w	<|S|<_F	w	0.033
w	<|S|F	w	0.042
w	>|S|	w	0.95
w	>|S|	-	1.051
w	>|S|<	-	0.361
w	>|S|<	w	2.175
w	>|S|<_F	-	0.281
w	>|S|<_F	w	2.497
w	>|S|=	w	0.042
w	>|S|=_F	w	0.033
w	>|S|F	w	0.746
w	>|S|F	-	1.309
w	F_>|S|	-	0.361
w	F_>|S|	w	2.175
w	F_>|S|<	-	0.281
w	F_>|S|<	w	2.497
w	F_>|S|<_F	-	0.23
w	F_>|S|<_F	w	2.76
w	F_>|S|F	-	0.281
w	F_>|S|F	w	2.497
w	F|S|	-	0.505
w	F|S|	w	1.76
w	F|S|<	-	0.361
w	F|S|<	w	2.175
w	F|S|<_F	-	0.281
w	F|S|<_F	w	2.497
w	F|S|F	-	0.361
w	F|S|F	w	2.175
w	|S|<	w	0.179
w	|S|<	-	3.101
w	|S|<_F	w	0.109
w	|S|<_F	-	3.782
w	|S|=	w	0.056
w	|S|=	-	4.714
w	|S|=_F	w	0.042
w	|S|F	w	0.113
w	|S|F	-	3.734
wː	>|S|	-	0.0
wː	>|S|<	-	0.0
wː	F_>|S|	-	0.0
wː	F_>|S|<	-	0.0
wː	F|S|	-	0.0
wː	F|S|<	-	0.0
wː	|S|<	-	0.0
x	#|S|	h	0.189
x	#|S|	x	4.539
x	#|S|<	h	0.188
x	#|S|<	x	4.954
x	#|S|<_F	h	0.038
x	#|S|<_N	h	2.521
x	#|S|F	h	0.047
x	#|S|F	x	4.954
x	#|S|N	h	2.199
x	#|S|N	x	4.954
x	>|S|	h	0.598
x	>|S|	x	1.559
x	>|S|<	h	0.408
x	>|S|<	x	2.02
x	>|S|<_N	h	0.038
x	>|S|<_R	h	0.038
x	>|S|=	x	0.354
x	>|S|=	h	2.199
x	>|S|N	h	0.047
x	>|S|N	x	4.954
x	>|S|R	h	0.047
x	>|S|R	x	4.954
x	F_>|S|	h	0.478
x	F_>|S|	x	1.825
x	F_>|S|<	h	0.038
x	F_>|S|=	x	0.276
x	F_>|S|=	h	2.521
x	F|S|	h	0.445
x	F|S|	x	1.915
x	F|S|<	h	0.047
x	F|S|<	x	4.954
x	F|S|=	x	0.354
x	F|S|=	h	2.199
x	|S|<	h	0.23
x	|S|<	x	3.562
x	|S|<_F	h	0.047
x	|S|<_F	x	4.954
x	|S|<_N	h	0.755
x	|S|<_N	x	4.954
x	|S|<_R	h	0.047
x	|S|<_R	x	4.954
x	|S|=	x	0.495
x	|S|=	h	1.784
x	|S|F	h	0.063
x	|S|F	x	4.539
x	|S|N	h	0.681
x	|S|N	x	4.539
x	|S|R	h	0.063
x	|S|R	x	4.539
x_t	>|S|	x_t	0.144
x_t	>|S|<	x_t	0.163
x_t	>|S|<_F	x_t	0.0
x_t	>|S|F	x_t	0.0
x_t	F_>|S|	x_t	0.0
x_t	F_>|S|<	x_t	0.0
x_t	F|S|	x_t	0.0
x_t	F|S|<	x_t	0.0
x_t	|S|<	x_t	0.144
x_t	|S|<_F	x_t	0.0
x_t	|S|F	x_t	0.0
xʷ	#|S|	w	0.206
xʷ	#|S|	h	2.907
xʷ	#|S|<	w	0.152
xʷ	#|S|<	h	3.322
xʷ	#|S|<_F	w	0.12
xʷ	#|S|<_F	h	3.644
xʷ	#|S|F	w	0.152
xʷ	#|S|F	h	3.322
xʷ	>|S|	h	0.322
xʷ	>|S|	w	2.322
xʷ	>|S|<	h	0.234
xʷ	>|S|<	w	2.737
xʷ	F_>|S|	h	0.234
xʷ	F_>|S|	w	2.737
xʷ	F_>|S|<	h	0.184
xʷ	F_>|S|<	w	3.059
xʷ	F|S|	h	0.322
xʷ	F|S|	w	2.322
xʷ	F|S|<	h	0.234
xʷ	F|S|<	w	2.737
xʷ	|S|<	w	0.737
xʷ	|S|<	h	1.322
xʷ	|S|<_F	w	0.152
xʷ	|S|<_F	h	3.322
xʷ	|S|F	w	0.206
xʷ	|S|F	h	2.907
z	<|S|	r	1.585
z	<|S|#	r	2.0
z	>|S|	r	1.39
z	>|S|#	r	1.873
z	>|S|<	r	0.3
z	>|S|<_F	r	0.737
z	>|S|F	r	0.678
z	F_>|S|	r	1.294
z	F_>|S|#	r	1.766
z	F_>|S|<	r	0.0
z	F|S|	r	1.078
z	F|S|#	r	1.564
z	F|S|<	r	0.0
z	|S|#	r	1.5
z	|S|<	r	0.263
z	|S|<_F	r	0.678
z	|S|F	r	0.585
ð	>|S|	t	0.0
ð	>|S|<	t	0.0
ð	>|S|<_F	t	0.0
ð	>|S|<_R	t	0.0
ð	>|S|F	t	0.0
ð	>|S|R	t	0.0
ð	F_>|S|	t	0.0
ð	F_>|S|<	t	0.0
ð	F_>|S|<_F	t	0.0
ð	F_>|S|<_R	t	0.0
ð	F_>|S|F	t	0.0
ð	F_>|S|R	t	0.0
ð	F|S|	t	0.0
ð	F|S|<	t	0.0
ð	F|S|<_F	t	0.0
ð	F|S|<_R	t	0.0
ð	F|S|F	t	0.0
ð	F|S|R	t	0.0
ð	|S|<	t	0.0
ð	|S|<_F	t	0.0
ð	|S|<_R	t	0.0
ð	|S|F	t	0.0
ð	|S|R	t	0.0
ð_j	>|S|	tː	0.0
ð_j	>|S|<	tː	0.0
ð_j	F_>|S|	tː	0.0
ð_j	F_>|S|<	tː	0.0
ð_j	F|S|	tː	0.0
ð_j	F|S|<	tː	0.0
ð_j	|S|<	tː	0.0
ŋ	>|S|	ŋ	0.082
ŋ	>|S|>	ŋ	0.093
ŋ	F_>|S|	ŋ	0.193
ŋ	F_>|S|>	ŋ	0.206
ŋ	F|S|	ŋ	0.17
ŋ	F|S|>	ŋ	0.193
ŋ	|S|>	ŋ	0.082
ɑ	<|S|	ə	0.735
ɑ	<|S|	-	1.957
ɑ	<|S|	i	3.542
ɑ	<|S|>	ə	0.745
ɑ	<|S|>	-	1.968
ɑ	<|S|>	i	3.553
ɑ	<|S|>_R	ə	0.109
ɑ	<|S|>_R	-	4.196
ɑ	<|S|R	ə	0.138
ɑ	<|S|R	-	3.874
ɑ	F_<|S|	ə	0.138
ɑ	F_<|S|	-	3.874
ɑ	F_<|S|>	ə	0.109
ɑ	F_<|S|>	-	4.196
ɑ	F|S|	ə	0.186
ɑ	F|S|	-	3.459
ɑ	F|S|	i	5.044
ɑ	F|S|>	ə	0.138
ɑ	F|S|>	-	3.874
ɑ	|S|>	ə	0.735
ɑ	|S|>	-	1.957
ɑ	|S|>	i	3.542
ɑ	|S|>_R	ə	0.138
ɑ	|S|>_R	-	3.874
ɑ	|S|R	ə	0.186
ɑ	|S|R	-	3.459
ɑ	|S|R	i	5.044
ɑ_n	<|S|	ə_n	0.037
ɑ_n	<|S|<	ə_n	0.042
ɑ_n	F_<|S|	ə_n	0.0
ɑ_n	F_<|S|<	ə_n	0.0
ɑ_n	F|S|	ə_n	0.0
ɑ_n	F|S|<	ə_n	0.0
ɑ_n	|S|<	ə_n	0.037
ɑi̯	<|S|	ˈei̯_n	0.0
ɑi̯	<|S|>	ˈei̯_n	0.0
ɑi̯	|S|>	ˈei̯_n	0.0
ɑː	<|S|	ə	0.0
ɑː	<|S|#	ə	0.0
ɑː	<|S|>	ə	0.0
ɑː	<|S|>_N	ə	0.0
ɑː	<|S|N	ə	0.0
ɑː	|S|#	ə	0.0
ɑː	|S|>	ə	0.0
ɑː	|S|>_N	ə	0.0
ɑː	|S|N	ə	0.0
ɔː	<|S|	ə	0.186
ɔː	<|S|	oː	3.771
ɔː	<|S|#	ə	0.028
ɔː	<|S|>	ə	0.555
ɔː	<|S|>	oː	2.563
ɔː	<|S|>_N	ə	0.478
ɔː	<|S|>_R	ə	0.022
ɔː	<|S|N	ə	0.453
ɔː	<|S|R	ə	0.028
ɔː	F_<|S|	ə	0.334
ɔː	F_<|S|#	ə	0.022
ɔː	F_<|S|>	ə	2.437
ɔː	F_<|S|>_N	ə	2.7
ɔː	F_<|S|N	ə	2.437
ɔː	F|S|	ə	0.308
ɔː	F|S|#	ə	0.028
ɔː	F|S|>	ə	2.115
ɔː	F|S|>_N	ə	2.437
ɔː	F|S|N	ə	2.115
ɔː	|S|#	ə	0.037
ɔː	|S|>	ə	0.499
ɔː	|S|>	oː	2.653
ɔː	|S|>_N	ə	0.453
ɔː	|S|>_R	ə	0.028
ɔː	|S|N	ə	0.411
ɔː	|S|R	ə	0.037
ɔːu̯	<|S|	ə	0.0
ɔːu̯	<|S|#	ə	0.0
ɔːu̯	|S|#	ə	0.0
ɔːː	<|S|	ə	0.322
ɔːː	<|S|	-	2.322
ɔːː	<|S|#	ə	0.322
ɔːː	<|S|#	-	2.322
ɔːː	|S|#	ə	0.322
ɔːː	|S|#	-	2.322
ɛː	<|S|	ə	0.0
ɛː	<|S|>	ə	0.0
ɛː	<|S|>_R	ə	0.0
ɛː	<|S|R	ə	0.0
ɛː	|S|>	ə	0.0
ɛː	|S|>_R	ə	0.0
ɛː	|S|R	ə	0.0
ɡ	>|S|	ɡ̊	0.848
ɡ	>|S|	ɡ	1.17
ɡ	>|S|<	ɡ̊	0.848
ɡ	>|S|<	ɡ	1.17
ɡ	>|S|<_R	ɡ	0.17
ɡ	>|S|<_R	ɡ̊	3.17
ɡ	>|S|R	ɡ	0.216
ɡ	>|S|R	ɡ̊	2.848
ɡ	|S|<	ɡ̊	0.848
ɡ	|S|<	ɡ	1.17
ɡ	|S|<_R	ɡ	0.216
ɡ	|S|<_R	ɡ̊	2.848
ɡ	|S|R	ɡ	0.295
ɡ	|S|R	ɡ̊	2.433
ɡʷ	>|S|	ɡ	0.0
ɡʷ	>|S|<	ɡ	0.0
ɡʷ	|S|<	ɡ	0.0
ɣ	#|S|	ɡ	1.826
ɣ	#|S|	ɡ̊	4.285
ɣ	#|S|<	ɡ	2.241
ɣ	#|S|<	ɡ̊	4.7
ɣ	#|S|<_F	ɡ	2.563
ɣ	#|S|<_F	ɡ̊	5.022
ɣ	#|S|<_R	ɡ	2.563
ɣ	#|S|<_R	ɡ̊	5.022
ɣ	#|S|F	ɡ	2.241
ɣ	#|S|F	ɡ̊	4.7
ɣ	#|S|R	ɡ	2.241
ɣ	#|S|R	ɡ̊	4.7
ɣ	>|S|	ɡ	0.241
ɣ	>|S|	ɡ̊	2.7
ɣ	>|S|<	ɡ	0.241
ɣ	>|S|<	ɡ̊	2.7
ɣ	>|S|<_F	ɡ	0.509
ɣ	>|S|<_F	ɡ̊	1.749
ɣ	>|S|<_N	ɡ	0.045
ɣ	>|S|<_N	ɡ̊	5.022
ɣ	>|S|F	ɡ	0.491
ɣ	>|S|F	ɡ̊	1.794
ɣ	>|S|N	ɡ	0.057
ɣ	>|S|N	ɡ̊	4.7
ɣ	F_>|S|	ɡ	0.257
ɣ	F_>|S|	ɡ̊	2.613
ɣ	F_>|S|<	ɡ	0.259
ɣ	F_>|S|<	ɡ̊	2.607
ɣ	F_>|S|<_F	ɡ	0.842
ɣ	F_>|S|<_F	ɡ̊	1.177
ɣ	F_>|S|<_N	ɡ	0.037
ɣ	F_>|S|F	ɡ	0.813
ɣ	F_>|S|F	ɡ̊	1.215
ɣ	F_>|S|N	ɡ	0.045
ɣ	F_>|S|N	ɡ̊	5.022
ɣ	F|S|	ɡ	0.256
ɣ	F|S|	ɡ̊	2.622
ɣ	F|S|<	ɡ	0.257
ɣ	F|S|<	ɡ̊	2.613
ɣ	F|S|<_F	ɡ	0.813
ɣ	F|S|<_F	ɡ̊	1.215
ɣ	F|S|<_N	ɡ	0.045
ɣ	F|S|<_N	ɡ̊	5.022
ɣ	F|S|F	ɡ	0.77
ɣ	F|S|F	ɡ̊	1.274
ɣ	F|S|N	ɡ	0.057
ɣ	F|S|N	ɡ̊	4.7
ɣ	|S|<	ɡ	0.853
ɣ	|S|<	ɡ̊	3.312
ɣ	|S|<_F	ɡ	0.967
ɣ	|S|<_F	ɡ̊	2.408
ɣ	|S|<_N	ɡ	0.057
ɣ	|S|<_N	ɡ̊	4.7
ɣ	|S|<_R	ɡ	2.241
ɣ	|S|<_R	ɡ̊	4.7
ɣ	|S|F	ɡ	0.866
ɣ	|S|F	ɡ̊	2.437
ɣ	|S|N	ɡ	0.076
ɣ	|S|N	ɡ̊	4.285
ɣ	|S|R	ɡ	1.826
ɣ	|S|R	ɡ̊	4.285
ɣ_j	>|S|	kː	0.0
ɣ_j	>|S|<	kː	0.0
ɣ_j	|S|<	kː	0.0
ɣ_ɑ	>|S|	ɡ̊	0.0
ɣ_ɑ	>|S|>	ɡ̊	0.0
ɣ_ɑ	F_>|S|	ɡ̊	0.0
ɣ_ɑ	F_>|S|>	ɡ̊	0.0
ɣ_ɑ	F|S|	ɡ̊	0.0
ɣ_ɑ	F|S|>	ɡ̊	0.0
ɣ_ɑ	|S|>	ɡ̊	0.0
ɸ	#|S|	v	0.035
ɸ	#|S|<	v	0.026
ɸ	#|S|<_F	v	0.021
ɸ	#|S|<_R	v	0.021
ɸ	#|S|F	v	0.026
ɸ	#|S|R	v	0.026
ɸ	>|S|	v	0.911
ɸ	>|S|	f	1.095
ɸ	>|S|#	f	0.381
ɸ	>|S|#	v	2.107
ɸ	>|S|<	v	0.72
ɸ	>|S|<	f	1.348
ɸ	>|S|<_N	v	0.021
ɸ	>|S|N	v	0.026
ɸ	|S|#	f	0.534
ɸ	|S|#	v	1.692
ɸ	|S|<	v	0.072
ɸ	|S|<	f	4.366
ɸ	|S|<_F	v	0.026
ɸ	|S|<_N	v	0.026
ɸ	|S|<_R	v	0.026
ɸ	|S|F	v	0.035
ɸ	|S|N	v	0.035
ɸ	|S|R	v	0.035
ˈe	#|S|	ˈɛ	0.538
ˈe	#|S|	ˈi	1.791
ˈe	#|S|>	ˈɛ	0.549
ˈe	#|S|>	ˈi	1.737
ˈe	#|S|>_R	ˈɛ	0.079
ˈe	#|S|>_R	ˈi	4.644
ˈe	#|S|R	ˈɛ	0.1
ˈe	#|S|R	ˈi	4.322
ˈe	<|S|	ˈɛ	0.438
ˈe	<|S|	ˈi	2.395
ˈe	<|S|	-	3.804
ˈe	<|S|>	ˈɛ	0.437
ˈe	<|S|>	ˈi	2.404
ˈe	<|S|>	-	3.791
ˈe	<|S|>_N	ˈɛ	0.079
ˈe	<|S|>_N	ˈi	4.644
ˈe	<|S|>_R	ˈɛ	0.079
ˈe	<|S|>_R	ˈi	4.644
ˈe	<|S|N	ˈɛ	0.1
ˈe	<|S|N	ˈi	4.322
ˈe	<|S|R	ˈɛ	0.1
ˈe	<|S|R	ˈi	4.322
ˈe	|S|>	ˈɛ	0.447
ˈe	|S|>	ˈi	2.322
ˈe	|S|>	-	3.907
ˈe	|S|>_N	ˈɛ	0.1
ˈe	|S|>_N	ˈi	4.322
ˈe	|S|>_R	ˈɛ	0.1
ˈe	|S|>_R	ˈi	4.322
ˈe	|S|N	ˈɛ	0.134
ˈe	|S|N	ˈi	3.907
ˈe	|S|R	ˈɛ	0.134
ˈe	|S|R	ˈi	3.907
ˈeu̯	<|S|	ˈiə̯	0.0
ˈeu̯	<|S|>	ˈiə̯	0.0
ˈeu̯	|S|>	ˈiə̯	0.0
ˈeː	<|S|	ˈiə̯	0.0
ˈeː	<|S|>	ˈiə̯	0.0
ˈeː	<|S|>_R	ˈiə̯	0.0
ˈeː	<|S|R	ˈiə̯	0.0
ˈeː	|S|>	ˈiə̯	0.0
ˈeː	|S|>_R	ˈiə̯	0.0
ˈeː	|S|R	ˈiə̯	0.0
ˈi	#|S|	ˈi	0.126
ˈi	#|S|	-	4.263
ˈi	#|S|	ˈiː	5.0
ˈi	#|S|>	ˈi	0.093
ˈi	#|S|>	-	4.678
ˈi	#|S|>_N	ˈi	0.074
ˈi	#|S|>_N	-	5.0
ˈi	#|S|N	ˈi	0.093
ˈi	#|S|N	-	4.678
ˈi	<|S|	ˈi	0.437
ˈi	<|S|	-	2.615
ˈi	<|S|	ˈiː	3.352
ˈi	<|S|>	ˈi	0.439
ˈi	<|S|>	-	2.608
ˈi	<|S|>	ˈiː	3.345
ˈi	<|S|>_F	-	1.213
ˈi	<|S|>_F	ˈiː	1.256
ˈi	<|S|>_F	ˈi	2.737
ˈi	<|S|>_N	ˈi	0.171
ˈi	<|S|>_N	-	3.43
ˈi	<|S|>_R	ˈi	0.074
ˈi	<|S|>_R	-	5.0
ˈi	<|S|F	-	1.272
ˈi	<|S|F	ˈiː	1.328
ˈi	<|S|F	ˈi	2.415
ˈi	<|S|N	ˈi	0.185
ˈi	<|S|N	-	3.37
ˈi	<|S|R	ˈi	0.093
ˈi	<|S|R	-	4.678
ˈi	|S|>	ˈi	0.415
ˈi	|S|>	-	2.678
ˈi	|S|>	ˈiː	3.415
ˈi	|S|>_F	-	1.272
ˈi	|S|>_F	ˈiː	1.328
ˈi	|S|>_F	ˈi	2.415
ˈi	|S|>_N	ˈi	0.172
ˈi	|S|>_N	-	3.489
ˈi	|S|>_R	ˈi	0.093
ˈi	|S|>_R	-	4.678
ˈi	|S|F	-	1.376
ˈi	|S|F	ˈiː	1.456
ˈi	|S|F	ˈi	2.0
ˈi	|S|N	ˈi	0.197
ˈi	|S|N	-	3.373
ˈi	|S|N	ˈiː	5.0
ˈi	|S|R	ˈi	0.126
ˈi	|S|R	-	4.263
ˈi	|S|R	ˈiː	5.0
ˈiu̯	<|S|	ˈyː	0.0
ˈiu̯	<|S|>	ˈyː	0.0
ˈiu̯	<|S|>_F	ˈyː	0.0
ˈiu̯	<|S|>_R	ˈyː	0.0
ˈiu̯	<|S|F	ˈyː	0.0
ˈiu̯	<|S|R	ˈyː	0.0
ˈiu̯	|S|>	ˈyː	0.0
ˈiu̯	|S|>_F	ˈyː	0.0
ˈiu̯	|S|>_R	ˈyː	0.0
ˈiu̯	|S|F	ˈyː	0.0
ˈiu̯	|S|R	ˈyː	0.0
ˈiː	#|S|	ˈiː	0.0
ˈiː	#|S|>	ˈiː	0.0
ˈiː	<|S|	ˈiː	0.09
ˈiː	<|S|>	ˈiː	0.102
ˈiː	<|S|>_N	ˈiː	0.0
ˈiː	<|S|N	ˈiː	0.0
ˈiː	|S|>	ˈiː	0.082
ˈiː	|S|>_N	ˈiː	0.0
ˈiː	|S|N	ˈiː	0.0
ˈĩː	<|S|	ˈiː	0.0
ˈĩː	<|S|>	ˈiː	0.0
ˈĩː	|S|>	ˈiː	0.0
ˈu	#|S|	ˈu	1.404
ˈu	#|S|	ˈo	1.841
ˈu	#|S|	ˈy	2.253
ˈu	#|S|>	ˈu	1.383
ˈu	#|S|>	ˈo	1.947
ˈu	#|S|>	ˈy	2.27
ˈu	#|S|>_N	ˈu	0.206
ˈu	#|S|>_N	ˈo	3.515
ˈu	#|S|>_N	ˈy	4.447
ˈu	#|S|N	ˈu	0.263
ˈu	#|S|N	ˈo	3.193
ˈu	#|S|N	ˈy	4.126
ˈu	<|S|	ˈo	1.156
ˈu	<|S|	ˈu	1.629
ˈu	<|S|	ˈy	2.134
ˈu	<|S|>	ˈo	1.151
ˈu	<|S|>	ˈu	1.635
ˈu	<|S|>	ˈy	2.135
ˈu	<|S|>_N	ˈu	0.933
ˈu	<|S|>_N	ˈy	1.866
ˈu	<|S|>_N	ˈo	2.309
ˈu	<|S|>_R	ˈo	1.037
ˈu	<|S|>_R	ˈu	1.705
ˈu	<|S|>_R	ˈy	2.28
ˈu	<|S|N	ˈu	0.966
ˈu	<|S|N	ˈy	1.881
ˈu	<|S|N	ˈo	2.207
ˈu	<|S|R	ˈo	1.046
ˈu	<|S|R	ˈu	1.697
ˈu	<|S|R	ˈy	2.27
ˈu	F_<|S|	ˈu	0.263
ˈu	F_<|S|	ˈo	3.193
ˈu	F_<|S|	ˈy	4.126
ˈu	F_<|S|>	ˈu	0.206
ˈu	F_<|S|>	ˈo	3.515
ˈu	F_<|S|>	ˈy	4.447
ˈu	F_<|S|>_N	ˈu	0.17
ˈu	F_<|S|>_N	ˈo	3.778
ˈu	F_<|S|>_N	ˈy	4.71
ˈu	F_<|S|N	ˈu	0.206
ˈu	F_<|S|N	ˈo	3.515
ˈu	F_<|S|N	ˈy	4.447
ˈu	F|S|	ˈu	0.363
ˈu	F|S|	ˈo	2.778
ˈu	F|S|	ˈy	3.71
ˈu	F|S|>	ˈu	0.263
ˈu	F|S|>	ˈo	3.193
ˈu	F|S|>	ˈy	4.126
ˈu	F|S|>_N	ˈu	0.206
ˈu	F|S|>_N	ˈo	3.515
ˈu	F|S|>_N	ˈy	4.447
ˈu	F|S|N	ˈu	0.263
ˈu	F|S|N	ˈo	3.193
ˈu	F|S|N	ˈy	4.126
ˈu	|S|>	ˈo	1.212
ˈu	|S|>	ˈu	1.605
ˈu	|S|>	ˈy	2.145
ˈu	|S|>_N	ˈu	0.857
ˈu	|S|>_N	ˈy	2.03
ˈu	|S|>_N	ˈo	2.3
ˈu	|S|>_R	ˈo	1.046
ˈu	|S|>_R	ˈu	1.697
ˈu	|S|>_R	ˈy	2.27
ˈu	|S|N	ˈu	0.922
ˈu	|S|N	ˈy	2.041
ˈu	|S|N	ˈo	2.126
ˈu	|S|R	ˈo	1.061
ˈu	|S|R	ˈu	1.684
ˈu	|S|R	ˈy	2.253
ˈuː	#|S|	ˈuː	0.066
ˈuː	#|S|	-	4.492
ˈuː	#|S|>	ˈuː	0.049
ˈuː	#|S|>	-	4.907
ˈuː	<|S|	ˈuː	0.217
ˈuː	<|S|	-	2.84
ˈuː	<|S|#	ˈuː	0.049
ˈuː	<|S|#	-	4.907
ˈuː	<|S|>	ˈuː	0.232
ˈuː	<|S|>	-	2.749
ˈuː	<|S|>_N	ˈuː	0.039
ˈuː	<|S|>_R	ˈuː	0.039
ˈuː	<|S|N	ˈuː	0.049
ˈuː	<|S|N	-	4.907
ˈuː	<|S|R	ˈuː	0.049
ˈuː	<|S|R	-	4.907
ˈuː	|S|#	ˈuː	0.066
ˈuː	|S|#	-	4.492
ˈuː	|S|>	ˈuː	0.217
ˈuː	|S|>	-	2.84
ˈuː	|S|>_N	ˈuː	0.049
ˈuː	|S|>_N	-	4.907
ˈuː	|S|>_R	ˈuː	0.049
ˈuː	|S|>_R	-	4.907
ˈuː	|S|N	ˈuː	0.066
ˈuː	|S|N	-	4.492
ˈuː	|S|R	ˈuː	0.066
ˈuː	|S|R	-	4.492
ˈɑ	#|S|	ˈɑ	1.867
ˈɑ	#|S|	ˈe	2.907
ˈɑ	#|S|>	ˈɑ	2.282
ˈɑ	#|S|>	ˈe	2.968
ˈɑ	#|S|>_N	ˈɑ	2.604
ˈɑ	#|S|>_N	ˈe	4.814
ˈɑ	#|S|>_R	ˈɑ	2.604
ˈɑ	#|S|>_R	ˈe	4.814
ˈɑ	#|S|N	ˈɑ	2.282
ˈɑ	#|S|N	ˈe	4.492
ˈɑ	#|S|R	ˈɑ	2.282
ˈɑ	#|S|R	ˈe	4.492
ˈɑ	<|S|	ˈɑ	0.261
ˈɑ	<|S|	ˈe	2.597
ˈɑ	<|S|>	ˈɑ	0.258
ˈɑ	<|S|>	ˈe	2.61
ˈɑ	<|S|>_N	ˈɑ	0.465
ˈɑ	<|S|>_N	ˈe	1.86
ˈɑ	<|S|>_R	ˈɑ	0.314
ˈɑ	<|S|>_R	ˈe	2.354
ˈɑ	<|S|N	ˈɑ	0.453
ˈɑ	<|S|N	ˈe	1.892
ˈɑ	<|S|R	ˈɑ	0.312
ˈɑ	<|S|R	ˈe	2.363
ˈɑ	|S|>	ˈɑ	0.435
ˈɑ	|S|>	ˈe	2.645
ˈɑ	|S|>_N	ˈɑ	0.55
ˈɑ	|S|>_N	ˈe	2.006
ˈɑ	|S|>_R	ˈɑ	0.503
ˈɑ	|S|>_R	ˈe	2.561
ˈɑ	|S|N	ˈɑ	0.518
ˈɑ	|S|N	ˈe	2.052
ˈɑ	|S|R	ˈɑ	0.477
ˈɑ	|S|R	ˈe	2.553
ˈɑ_n	<|S|	ˈɑ_n	0.0
ˈɑ_n	<|S|>	ˈɑ_n	0.0
ˈɑ_n	|S|>	ˈɑ_n	0.0
ˈɑi̯	#|S|	ˈei̯	0.0
ˈɑi̯	#|S|>	ˈei̯	0.0
ˈɑi̯	#|S|>_N	ˈei̯	0.0
ˈɑi̯	#|S|N	ˈei̯	0.0
ˈɑi̯	<|S|	ˈei̯	0.07
ˈɑi̯	<|S|#	ˈei̯	0.0
ˈɑi̯	<|S|>	ˈei̯	0.086
ˈɑi̯	<|S|>_N	ˈei̯	0.0
ˈɑi̯	<|S|N	ˈei̯	0.0
ˈɑi̯	|S|#	ˈei̯	0.0
ˈɑi̯	|S|>	ˈei̯	0.061
ˈɑi̯	|S|>_N	ˈei̯	0.0
ˈɑi̯	|S|N	ˈei̯	0.0
ˈɑi̯_w	<|S|	ˈeː	0.0
ˈɑi̯_w	<|S|<	ˈeː	0.0
ˈɑi̯_w	<|S|<_F	ˈeː	0.0
ˈɑi̯_w	<|S|F	ˈeː	0.0
ˈɑi̯_w	|S|<	ˈeː	0.0
ˈɑi̯_w	|S|<_F	ˈeː	0.0
ˈɑi̯_w	|S|F	ˈeː	0.0
ˈɑu̯	#|S|	ˈoː	1.061
ˈɑu̯	#|S|	ˈou̯	1.126
ˈɑu̯	#|S|	ˈøː	4.585
ˈɑu̯	#|S|>	ˈoː	1.046
ˈɑu̯	#|S|>	ˈou̯	1.093
ˈɑu̯	#|S|>	ˈøː	5.0
ˈɑu̯	<|S|	ˈoː	1.278
ˈɑu̯	<|S|	ˈou̯	1.526
ˈɑu̯	<|S|	ˈøː	2.937
ˈɑu̯	<|S|	ou̯	3.937
ˈɑu̯	<|S|>	ˈoː	1.289
ˈɑu̯	<|S|>	ˈou̯	1.541
ˈɑu̯	<|S|>	ˈøː	2.93
ˈɑu̯	<|S|>	ou̯	3.93
ˈɑu̯	<|S|>_N	ˈou̯	1.074
ˈɑu̯	<|S|>_N	ˈøː	2.152
ˈɑu̯	<|S|>_N	ˈoː	3.515
ˈɑu̯	<|S|N	ˈou̯	1.093
ˈɑu̯	<|S|N	ˈøː	2.193
ˈɑu̯	<|S|N	ˈoː	3.193
ˈɑu̯	|S|>	ˈoː	1.25
ˈɑu̯	|S|>	ˈou̯	1.473
ˈɑu̯	|S|>	ˈøː	3.058
ˈɑu̯	|S|>	ou̯	4.058
ˈɑu̯	|S|>_N	ˈou̯	1.093
ˈɑu̯	|S|>_N	ˈøː	2.193
ˈɑu̯	|S|>_N	ˈoː	3.193
ˈɑu̯	|S|N	ˈou̯	1.126
ˈɑu̯	|S|N	ˈøː	2.263
ˈɑu̯	|S|N	ˈoː	2.778
ˈɑː	<|S|	-	0.585
ˈɑː	<|S|	ˈæː	1.585
ˈɑː	<|S|>	-	0.585
ˈɑː	<|S|>	ˈæː	1.585
ˈɑː	<|S|>_N	-	0.1
ˈɑː	<|S|>_N	ˈæː	3.907
ˈɑː	<|S|N	-	0.126
ˈɑː	<|S|N	ˈæː	3.585
ˈɑː	|S|>	-	0.585
ˈɑː	|S|>	ˈæː	1.585
ˈɑː	|S|>_N	-	0.126
ˈɑː	|S|>_N	ˈæː	3.585
ˈɑː	|S|N	-	0.17
ˈɑː	|S|N	ˈæː	3.17
ˈɔː	<|S|	ˈuə̯	0.646
ˈɔː	<|S|	ˈyə̯	1.646
ˈɔː	<|S|>	ˈuə̯	0.654
ˈɔː	<|S|>	ˈyə̯	1.654
ˈɔː	<|S|>_N	ˈuə̯	0.907
ˈɔː	<|S|>_N	ˈyə̯	1.1
ˈɔː	<|S|>_R	ˈuə̯	2.907
ˈɔː	<|S|>_R	ˈyə̯	3.907
ˈɔː	<|S|N	ˈuə̯	0.885
ˈɔː	<|S|N	ˈyə̯	1.126
ˈɔː	<|S|R	ˈuə̯	2.585
ˈɔː	<|S|R	ˈyə̯	3.585
ˈɔː	|S|>	ˈuə̯	0.646
ˈɔː	|S|>	ˈyə̯	1.646
ˈɔː	|S|>_N	ˈuə̯	0.885
ˈɔː	|S|>_N	ˈyə̯	1.126
ˈɔː	|S|>_R	ˈuə̯	2.585
ˈɔː	|S|>_R	ˈyə̯	3.585
ˈɔː	|S|N	ˈuə̯	0.848
ˈɔː	|S|N	ˈyə̯	1.17
ˈɔː	|S|R	ˈuə̯	2.17
ˈɔː	|S|R	ˈyə̯	3.17
ˈɔː_θ	<|S|	ˈuə̯_t	0.0
ˈɔː_θ	<|S|<	ˈuə̯_t	0.0
ˈɔː_θ	<|S|<_F	ˈuə̯_t	0.0
ˈɔː_θ	<|S|F	ˈuə̯_t	0.0
ˈɔː_θ	|S|<	ˈuə̯_t	0.0
ˈɔː_θ	|S|<_F	ˈuə̯_t	0.0
ˈɔː_θ	|S|F	ˈuə̯_t	0.0
ˈɛː	#|S|	ˈɑː	0.0
ˈɛː	#|S|>	ˈɑː	0.0
ˈɛː	<|S|	ˈɑː	0.0
ˈɛː	<|S|>	ˈɑː	0.0
ˈɛː	<|S|>_N	ˈɑː	0.0
ˈɛː	<|S|>_R	ˈɑː	0.0
ˈɛː	<|S|N	ˈɑː	0.0
ˈɛː	<|S|R	ˈɑː	0.0
ˈɛː	F_<|S|	ˈɑː	0.0
ˈɛː	F_<|S|>	ˈɑː	0.0
ˈɛː	F_<|S|>_R	ˈɑː	0.0
ˈɛː	F_<|S|R	ˈɑː	0.0
ˈɛː	F|S|	ˈɑː	0.0
ˈɛː	F|S|>	ˈɑː	0.0
ˈɛː	F|S|>_R	ˈɑː	0.0
ˈɛː	F|S|R	ˈɑː	0.0
ˈɛː	|S|>	ˈɑː	0.0
ˈɛː	|S|>_N	ˈɑː	0.0
ˈɛː	|S|>_R	ˈɑː	0.0
ˈɛː	|S|N	ˈɑː	0.0
ˈɛː	|S|R	ˈɑː	0.0
β	>|S|	b	0.322
β	>|S|	b̥	2.322
β	>|S|<	b	0.322
β	>|S|<	b̥	2.322
β	>|S|<_F	b	0.059
β	>|S|<_F	b̥	4.644
β	>|S|<_R	b	0.059
β	>|S|<_R	b̥	4.644
β	>|S|F	b	0.074
β	>|S|F	b̥	4.322
β	>|S|R	b	0.074
β	>|S|R	b̥	4.322
β	F_>|S|	b	0.322
β	F_>|S|	b̥	2.322
β	F_>|S|<	b	0.322
β	F_>|S|<	b̥	2.322
β	F_>|S|<_R	b	0.049
β	F_>|S|<_R	b̥	4.907
β	F_>|S|R	b	0.059
β	F_>|S|R	b̥	4.644
β	F|S|	b	0.322
β	F|S|	b̥	2.322
β	F|S|<	b	0.322
β	F|S|<	b̥	2.322
β	F|S|<_R	b	0.059
β	F|S|<_R	b̥	4.644
β	F|S|R	b	0.074
β	F|S|R	b̥	4.322
β	|S|<	b	0.322
β	|S|<	b̥	2.322
β	|S|<_F	b	0.074
β	|S|<_F	b̥	4.322
β	|S|<_R	b	0.074
β	|S|<_R	b̥	4.322
β	|S|F	b	0.1
β	|S|F	b̥	3.907
β	|S|R	b	0.1
β	|S|R	b̥	3.907
β_ɑ	>|S|	b̥	0.0
β_ɑ	>|S|>	b̥	0.0
β_ɑ	F_>|S|	b̥	0.0
β_ɑ	F_>|S|>	b̥	0.0
β_ɑ	F|S|	b̥	0.0
β_ɑ	F|S|>	b̥	0.0
β_ɑ	|S|>	b̥	0.0
θ	#|S|	d	0.215
θ	#|S|	d̥	3.369
θ	#|S|<	d	0.184
θ	#|S|<	d̥	3.784
θ	#|S|<_F	d	0.086
θ	#|S|<_F	d̥	4.106
θ	#|S|<_R	d	0.086
θ	#|S|<_R	d̥	4.106
θ	#|S|F	d	0.109
θ	#|S|F	d̥	3.784
θ	#|S|R	d	0.109
θ	#|S|R	d̥	3.784
θ	>|S|	d	0.921
θ	>|S|	d̥	1.084
θ	>|S|<	d	0.856
θ	>|S|<	d̥	1.16
θ	>|S|<_F	d	0.086
θ	>|S|<_F	d̥	4.106
θ	>|S|<_R	d	0.884
θ	>|S|<_R	d̥	1.126
θ	>|S|=	d̥	0.282
θ	>|S|=	d	2.495
θ	>|S|F	d	0.109
θ	>|S|F	d̥	3.784
θ	>|S|R	d	0.856
θ	>|S|R	d̥	1.16
θ	F_>|S|	d	0.109
θ	F_>|S|	d̥	3.784
θ	F_>|S|<	d	0.086
θ	F_>|S|<	d̥	4.106
θ	F_>|S|<_R	d	0.072
θ	F_>|S|<_R	d̥	4.369
θ	F_>|S|R	d	0.086
θ	F_>|S|R	d̥	4.106
θ	F|S|	d	0.147
θ	F|S|	d̥	3.369
θ	F|S|<	d	0.109
θ	F|S|<	d̥	3.784
θ	F|S|<_R	d	0.086
θ	F|S|<_R	d̥	4.106
θ	F|S|R	d	0.109
θ	F|S|R	d̥	3.784
θ	|S|<	d	0.463
θ	|S|<	d̥	1.987
θ	|S|<_F	d	0.109
θ	|S|<_F	d̥	3.784
θ	|S|<_R	d	0.363
θ	|S|<_R	d̥	2.168
θ	|S|=	d̥	0.389
θ	|S|=	d	2.08
θ	|S|F	d	0.147
θ	|S|F	d̥	3.369
θ	|S|R	d	0.377
θ	|S|R	d̥	2.12