Phone1	PhonEnv	Phone2	Surprisal	OOV_Smoothed
<#_l	#|S|<_F	<#	4.000338130004787	5.000422662505984
<#_z	#|S|<	<#	1.0000845325011967	5.000422662505984
<#_z	#|S|<_F	<#	1.0000845325011967	5.000422662505984
<#_z	#|S|=	<#	2.0001690650023933	5.000422662505984
<#_z	#|S|>	<#	4.000338130004787	5.000422662505984
a	#|S|>_F	a	2.0355598180572034	5.000422662505984
a	#|S|>_F	ɔ	4.967344057415924	5.000422662505984
a	#|S|>_N	a	0.06014980830266386	5.000422662505984
a	#|S|>_N	ɔ	4.910024095946755	5.000422662505984
a	<|S|#	ɔ	0.24161855945905786	5.000422662505984
a	<|S|#	a	4.529122603774604	5.000422662505984
a	<|S|#	-	4.602401657673391	5.000422662505984
a	<|S|#	e	4.6054455016606575	5.000422662505984
a	<|S|#	ɾ_ɔ	4.872609777947967	5.000422662505984
a	<|S|>	a	1.1534380941786828	5.000422662505984
a	<|S|>	-	3.0554861107737143	5.000422662505984
a	<|S|>	ɔ	3.2109968830888316	5.000422662505984
a	<|S|>	e	3.371645460623119	5.000422662505984
a	<|S|>	a_ð	4.196907918118752	5.000422662505984
a	<|S|>	ˈa	4.609016649107463	5.000422662505984
a	<|S|>_F	a	3.3339071285785336	5.000422662505984
a	<|S|>_F	a_ð	3.543791420853982	5.000422662505984
a	<|S|>_F	ˈa	4.214015525000837	5.000422662505984
a	<|S|>_F	ɔ	4.910024095946755	5.000422662505984
a	<|S|>_N	a	0.29127058393527744	5.000422662505984
a	<|S|>_N	ɔ	4.910024095946755	5.000422662505984
a	<|S|>_R	-	1.5981864700357855	5.000422662505984
a	<|S|>_R	e	1.7171378164875084	5.000422662505984
a	<|S|>_R	a	2.6721589997931274	5.000422662505984
a	<|S|>_R	ɔ	3.8292504874722098	5.000422662505984
a	F_<|S|#	ɔ	0.7265912267340672	5.000422662505984
a	F_<|S|#	e	3.4916843120073437	5.000422662505984
a	F_<|S|#	ɾ_ɔ	4.213949618420337	5.000422662505984
b	#|S|<	b	0.20890961332479882	5.000422662505984
b	#|S|<	-	4.25803620503547	5.000422662505984
b	#|S|<_F	b	0.009899153458997065	5.000422662505984
b	#|S|<_R	b	2.658322256080865	5.000422662505984
b	>|S|<	b	1.7626879369037163	5.000422662505984
b	>|S|<	β	3.290143103516525	5.000422662505984
b	>|S|<	-	3.5609741549428895	5.000422662505984
b	>|S|<_F	b	2.144914137536086	5.000422662505984
b	>|S|<_F	β	3.1402140583729423	5.000422662505984
b	F_>|S|<_F	β	3.0102676274257907	5.000422662505984
d	#|S|<	d	0.07840221822834287	5.000422662505984
d	#|S|<	ð	4.814246930580673	5.000422662505984
d	#|S|<	-	4.943102701036815	5.000422662505984
d	#|S|<_F	d	0.030848939816353237	5.000422662505984
d	#|S|<_R	d	1.0248587425088465	5.000422662505984
d	>|S|<	ð	1.3173306021809295	5.000422662505984
d	>|S|<	-	2.286513144871001	5.000422662505984
d	>|S|<	d	2.635878655107173	5.000422662505984
d	>|S|<_F	ð	0.8806291087735979	5.000422662505984
d	>|S|<_F	d	2.7885912376420015	5.000422662505984
d	>|S|<_F	-	3.5753281926453275	5.000422662505984
d	F_>|S|<	ð	0.19890811104972733	5.000422662505984
d	F_>|S|<	d	5.000338130004787	5.000422662505984
d	F_>|S|<_F	ð	0.1686259807289984	5.000422662505984
d_o	>|S|#	t	4.000338130004787	5.000422662505984
d_o	F_>|S|#	t	4.000338130004787	5.000422662505984
e	<|S|#	e	1.4922060528278847	5.000422662505984
e	<|S|#	-	2.298049387699577	5.000422662505984
e	<|S|#	a	4.08424354756477	5.000422662505984
e	<|S|=	e	1.5962052634060306	5.000422662505984
e	<|S|=	-	2.626636589168587	5.000422662505984
e	<|S|>	e	0.9944068464744752	5.000422662505984
e	<|S|>	-	1.8520609593971216	5.000422662505984
e	<|S|>	ˈe	4.029790258230058	5.000422662505984
e	<|S|>	a	4.42379519461681	5.000422662505984
e	<|S|>_N	e	1.4522180627150523	5.000422662505984
e	<|S|>_N	-	2.169010462867742	5.000422662505984
e	<|S|>_N	ˈe	3.8774058608852324	5.000422662505984
e	<|S|>_N	a	3.8788604380281146	5.000422662505984
e	<|S|>_R	e	2.322724293868895	5.000422662505984
e	<|S|>_R	-	3.3203953887992106	5.000422662505984
e	F_<|S|#	-	3.0204426462647076	5.000422662505984
e	F_<|S|#	e	5.000338130004787	5.000422662505984
e	F_=|S|#	-	3.0204426462647076	5.000422662505984
e	F_=|S|#	e	5.000338130004787	5.000422662505984
e_#>	<|S|#	#>	0.0	5.000422662505984
e_#>	F_<|S|#	#>	1.0000845325011967	5.000422662505984
e_r	<|S|#	e	1.0000845325011967	5.000422662505984
f	#|S|<	h	0.0	5.000422662505984
f	#|S|<_F	h	0.0	5.000422662505984
f	#|S|<_R	h	2.0001690650023933	5.000422662505984
i	#|S|>	i	3.205452639210179	5.000422662505984
i	#|S|>	e	3.409015709056327	5.000422662505984
i	#|S|>	-	4.426025668391387	5.000422662505984
i	#|S|>_N	i	3.008617632642516	5.000422662505984
i	<|S|#	-	1.2300918269964602	5.000422662505984
i	<|S|#	e	4.251216377309356	5.000422662505984
i	<|S|#	i	4.8448166142720765	5.000422662505984
i	<|S|<_F	-	4.86472374898226	5.000422662505984
i	<|S|>	i	3.2964386844906506	5.000422662505984
i	<|S|>	e	3.337245255643166	5.000422662505984
i	<|S|>	-	4.02594113589019	5.000422662505984
i	<|S|>_N	i	4.0087021651437125	5.000422662505984
j	#|S|<	l	2.020544987806236	5.000422662505984
j	<|S|<	l	0.6530395140423453	5.000422662505984
j	<|S|<	-	4.074378067839478	5.000422662505984
j	<|S|<	i	4.492224453732247	5.000422662505984
j	<|S|<	j	4.492224453732247	5.000422662505984
j	<|S|<_F	l	0.7412597658868693	5.000422662505984
j	<|S|<_F	-	4.205929957777554	5.000422662505984
j	<|S|<_F	j	4.404299826220823	5.000422662505984
j	<|S|<_F	i	4.593853834466311	5.000422662505984
j	>|S|#	-	4.0273240460220086	5.000422662505984
j	>|S|#	l	4.297338962937639	5.000422662505984
j	>|S|<_F	l	4.6904112873688595	5.000422662505984
j	F_>|S|>	l	4.729024835458535	5.000422662505984
j_ˈe	<|S|>	ˈɛ	4.000338130004787	5.000422662505984
j_ˈɛ	<|S|>	ˈɛ	3.0002535975035904	5.000422662505984
j_ˈɛ	<|S|>_R	ˈɛ	3.0002535975035904	5.000422662505984
k	#|S|<	k	0.03854540277284917	5.000422662505984
k	#|S|<	-	4.766658623665643	5.000422662505984
k	#|S|<_F	k	0.06038360882104019	5.000422662505984
k	#|S|<_F	-	4.665411565775614	5.000422662505984
k	#|S|<_R	k	1.001341785070683	5.000422662505984
k	>|S|<	k	0.2781953091051412	5.000422662505984
k	>|S|<	-	3.8272231150661926	5.000422662505984
k	>|S|<_F	k	0.0026345296865341893	5.000422662505984
k	>|S|<_R	k	3.001630874620638	5.000422662505984
k	F_>|S|<	k	1.667491529956711	5.000422662505984
k	F_>|S|<	-	3.3419940629593956	5.000422662505984
k	F_>|S|<_F	k	1.001180788881477	5.000422662505984
k_o	>|S|#	k	0.0	5.000422662505984
k_o	F_>|S|#	k	1.0000845325011967	5.000422662505984
k_w	#|S|<	k	2.0001690650023933	5.000422662505984
k_w	#|S|<_F	k	3.0002535975035904	5.000422662505984
k_w	>|S|<	k	2.0001690650023933	5.000422662505984
k_w	>|S|<_F	k	2.0001690650023933	5.000422662505984
l	>|S|#	w	0.48421105769303135	5.000422662505984
l	>|S|#	-	2.5168208018302227	5.000422662505984
l	>|S|>	-	0.7293474142116119	5.000422662505984
l	>|S|>	w	1.7162577987088117	5.000422662505984
l	F_>|S|#	w	0.033519914288787145	5.000422662505984
l	F_>|S|#	-	4.981716249126491	5.000422662505984
l	F_>|S|>	w	1.0277751776580806	5.000422662505984
l	F_>|S|>	-	4.981716249126491	5.000422662505984
m	#|S|<	m	0.008828511048640755	5.000422662505984
m	#|S|<_F	m	0.0035147026905069383	5.000422662505984
m	>|S|<	m	0.45031145472351686	5.000422662505984
m	>|S|<	nː	3.9560071797632603	5.000422662505984
m	>|S|<_F	m	0.5528980862791318	5.000422662505984
m	>|S|<_F	nː	3.8814686087448105	5.000422662505984
m	F_>|S|<_F	m	0.8713012250100657	5.000422662505984
m	F_>|S|<_F	nː	3.589761033612353	5.000422662505984
n	#|S|<	n	0.05392448129762748	5.000422662505984
n	#|S|<	-	4.940974996947546	5.000422662505984
n	#|S|<_F	n	0.021307712818550147	5.000422662505984
n	>|S|#	ŋ	2.0976359093635115	5.000422662505984
n	>|S|#	n	4.173183148985172	5.000422662505984
n	>|S|#	-	4.9558596457374975	5.000422662505984
n	>|S|<	n	0.8347679574851177	5.000422662505984
n	>|S|<	-	2.4367762940623336	5.000422662505984
n	>|S|<	ŋ	3.058780849519858	5.000422662505984
n	>|S|<_F	n	0.6766084103634956	5.000422662505984
n	>|S|<_F	-	2.6361348076508335	5.000422662505984
n	>|S|<_F	ŋ	3.3641646087227772	5.000422662505984
n	F_>|S|<	n	1.1065850398903085	5.000422662505984
n	F_>|S|<	-	2.323313324162491	5.000422662505984
n	F_>|S|<	ŋ	2.537409432493512	5.000422662505984
n	F_>|S|<_F	n	0.8379978042308642	5.000422662505984
n	F_>|S|<_F	-	2.6153055860582377	5.000422662505984
n	F_>|S|<_F	ŋ	2.8070340747923543	5.000422662505984
n	F_>|S|>	n	2.0128055039820674	5.000422662505984
o	#|S|>	w	1.1267822254504027	5.000422662505984
o	#|S|>	-	4.615447651911364	5.000422662505984
o	#|S|>	u	4.9127020823478045	5.000422662505984
o	<|S|#	e	1.6459946088722062	5.000422662505984
o	<|S|#	w	2.3239052087340197	5.000422662505984
o	<|S|#	-	2.881562807215449	5.000422662505984
o	<|S|#	u	3.892788905749836	5.000422662505984
o	<|S|#	ɔ	4.040722893330528	5.000422662505984
o	<|S|#	j	4.066515463739925	5.000422662505984
o	<|S|>	u	0.852038136572572	5.000422662505984
o	<|S|>	-	1.9266557043333037	5.000422662505984
o	<|S|>	e	3.828044704963413	5.000422662505984
o	<|S|>_N	u	0.48539404894896415	5.000422662505984
o	<|S|>_N	e	2.860470852752846	5.000422662505984
o	<|S|>_R	-	1.6221449641157797	5.000422662505984
o	<|S|>_R	u	3.4124421212878393	5.000422662505984
o	F_<|S|#	-	2.223497680053103	5.000422662505984
o	F_<|S|#	w	3.221262027475082	5.000422662505984
o	F_<|S|>	-	3.017776613123445	5.000422662505984
o	F_=|S|#	-	0.3510118796348733	5.000422662505984
o	F_=|S|#	w	2.4936663452030463	5.000422662505984
o	F_>|S|#	-	0.04647106528973188	5.000422662505984
o_#>	<|S|#	#>	0.0	5.000422662505984
o_#>	F_<|S|#	#>	3.0002535975035904	5.000422662505984
p	#|S|<	p	0.06203423521069777	5.000422662505984
p	#|S|<	-	4.702246468034849	5.000422662505984
p	#|S|<_F	p	0.08399024783325844	5.000422662505984
p	#|S|<_F	-	4.516162174376166	5.000422662505984
p	#|S|<_R	p	3.0027156075986303	5.000422662505984
p	>|S|<	p	0.4174757287320271	5.000422662505984
p	>|S|<	-	3.6568077222826014	5.000422662505984
p	>|S|<_F	p	1.0012892900267507	5.000422662505984
r	#|S|<	r	0.5278734151812017	5.000422662505984
r	#|S|<	ɾ	1.8677094653735107	5.000422662505984
r	#|S|<_F	r	0.705892841786013	5.000422662505984
r	#|S|<_F	ɾ	1.490595077481178	5.000422662505984
r	<|S|<	ɾ	0.36250247740785385	5.000422662505984
r	<|S|<	r	2.384303528982401	5.000422662505984
r	<|S|<_F	ɾ	0.6029992187410514	5.000422662505984
r	<|S|<_F	r	1.8047198875146564	5.000422662505984
r	>|S|#	ɾ	2.4468722899942352	5.000422662505984
r	>|S|#	e	4.151626723737889	5.000422662505984
r	>|S|#	-	4.338713670932321	5.000422662505984
r	>|S|#	r	4.5934104544360075	5.000422662505984
r	>|S|<	ɾ	1.0722702073832378	5.000422662505984
r	>|S|<	r	2.1479394076445515	5.000422662505984
r	>|S|<	j_r	3.5931270894876333	5.000422662505984
r	>|S|<	-	3.9552832817692463	5.000422662505984
r	>|S|<_F	ɾ	0.9035631363138323	5.000422662505984
r	>|S|<_F	r	3.0383041424627355	5.000422662505984
r	>|S|<_F	j_r	3.2752158830272946	5.000422662505984
r	>|S|<_F	-	4.084793021550944	5.000422662505984
r	>|S|>	r	0.32637120604118436	5.000422662505984
r	>|S|>	ɾ	3.744676242320085	5.000422662505984
r	>|S|>	-	3.8984854440500727	5.000422662505984
r	>|S|>_N	r	1.227028464172567	5.000422662505984
r	>|S|>_N	-	4.210831613983614	5.000422662505984
r	F_>|S|#	ɾ	2.4386254265513045	5.000422662505984
r	F_>|S|#	e	4.130564014942167	5.000422662505984
r	F_>|S|#	-	4.325694665287943	5.000422662505984
r	F_>|S|<	ɾ	1.0894781516764285	5.000422662505984
r	F_>|S|<	r	2.622236076759407	5.000422662505984
r	F_>|S|<	j_r	3.349055553852956	5.000422662505984
r	F_>|S|<	-	3.7398541170545214	5.000422662505984
r	F_>|S|<_F	ɾ	0.9452938520944691	5.000422662505984
r	F_>|S|<_F	r	2.9366410673335515	5.000422662505984
r	F_>|S|<_F	j_r	3.1265802053587355	5.000422662505984
r	F_>|S|<_F	-	3.8699073610518733	5.000422662505984
r	F_>|S|>	r	0.04225844762101788	5.000422662505984
r	F_>|S|>_N	r	1.0139792147007545	5.000422662505984
r_#>	>|S|#	#>	1.0000845325011967	5.000422662505984
r_#>	F_>|S|#	#>	1.0000845325011967	5.000422662505984
r_n	>|S|<	r	1.0000845325011967	5.000422662505984
r_n	>|S|<_F	r	2.0001690650023933	5.000422662505984
r_n	F_>|S|<	r	1.0000845325011967	5.000422662505984
r_n	F_>|S|<_F	r	2.0001690650023933	5.000422662505984
s	#|S|<	s	0.011449228503476808	5.000422662505984
s	#|S|<_F	s	0.004552240695105375	5.000422662505984
s	#|S|>	s	0.011449228503476808	5.000422662505984
s	>|S|<	s	1.098610180759828	5.000422662505984
s	>|S|<	ʦ	3.8564974019709433	5.000422662505984
s	>|S|<	t	4.427324046022009	5.000422662505984
s	>|S|<	-	4.429596018454919	5.000422662505984
s	>|S|<	j_ʃ	4.429596018454919	5.000422662505984
s	>|S|<_F	s	0.8636390606891416	5.000422662505984
s	>|S|<_F	j_ʃ	4.213407872242961	5.000422662505984
s	>|S|<_F	t	4.328894761026687	5.000422662505984
s	>|S|>	s	0.011449228503476808	5.000422662505984
s	F_>|S|<	s	3.1589130946273474	5.000422662505984
s	F_>|S|<	ʦ	3.687771465757329	5.000422662505984
s	F_>|S|<	-	4.277362514279698	5.000422662505984
s	F_>|S|<	j_ʃ	4.475217232961087	5.000422662505984
s	F_>|S|<_F	s	3.195164156311505	5.000422662505984
s	F_>|S|<_F	j_ʃ	4.205712096850518	5.000422662505984
s	F_>|S|>	s	0.004552240695105342	5.000422662505984
s_o	>|S|#	s	1.388305794690483	5.000422662505984
s_o	>|S|#	j	2.616661497040788	5.000422662505984
s_o	F_>|S|#	j	2.212323749456752	5.000422662505984
s_o	F_>|S|#	s	3.0597853355889923	5.000422662505984
t	#|S|<	t	0.014487960870780777	5.000422662505984
t	#|S|<_F	t	1.0058501418420642	5.000422662505984
t	#|S|<_R	t	4.000338130004787	5.000422662505984
t	>|S|<	t	0.22792942479496925	5.000422662505984
t	>|S|<	-	3.568222513307259	5.000422662505984
t	>|S|<_F	t	0.23741836812045367	5.000422662505984
t	>|S|<_F	-	3.554044834397488	5.000422662505984
t	F_>|S|<	t	0.45848267832264183	5.000422662505984
t	F_>|S|<	-	3.617230816533853	5.000422662505984
t	F_>|S|<_F	t	0.47266125747004545	5.000422662505984
t	F_>|S|<_F	-	3.607264487207877	5.000422662505984
t_e	>|S|#	t	0.0	5.000422662505984
t_e	F_>|S|#	t	0.0	5.000422662505984
t_o	>|S|#	t	0.0	5.000422662505984
t_o	F_>|S|#	t	0.0	5.000422662505984
t_r	>|S|<	t	2.0001690650023933	5.000422662505984
t_r	>|S|<_F	t	3.0002535975035904	5.000422662505984
t_r	F_>|S|<	t	2.0001690650023933	5.000422662505984
v	#|S|<	b	0.07294570734416879	5.000422662505984
v	#|S|<	β	4.8193539490021005	5.000422662505984
v	#|S|<_F	b	0.028713031629158333	5.000422662505984
v	=|S|<	b	1.0554190045123264	5.000422662505984
v	=|S|<	β	4.834238597792052	5.000422662505984
v	>|S|<	β	0.9374353480766024	5.000422662505984
v	>|S|<	-	3.1080929753962243	5.000422662505984
v	>|S|<	b	3.73832687111074	5.000422662505984
v	>|S|<	p	3.9348573329808607	5.000422662505984
v	>|S|<_F	β	0.5104505620523199	5.000422662505984
v	>|S|<_F	-	3.526753719364104	5.000422662505984
v	>|S|<_F	p	4.124382585909614	5.000422662505984
v	>|S|<_F	b	4.92663030712532	5.000422662505984
v	F_>|S|<	β	0.37715735015337204	5.000422662505984
v	F_>|S|<	-	3.989411040700551	5.000422662505984
v	F_>|S|<	p	3.9934807697789116	5.000422662505984
v	F_>|S|<	b	4.92663030712532	5.000422662505984
v	F_>|S|<_F	β	0.1686130924224146	5.000422662505984
v	F_>|S|<_F	p	3.870859832326435	5.000422662505984
v	F_>|S|<_R	β	4.003866161831933	5.000422662505984
v_e	>|S|#	w	2.0001690650023933	5.000422662505984
v_e	F_>|S|#	w	2.0001690650023933	5.000422662505984
w	<|S|<	-	2.2703976908357753	5.000422662505984
w	<|S|<_F	-	2.3297722195966544	5.000422662505984
z	#|S|<	ʒ	0.1663524098251841	5.000422662505984
z	#|S|<	-	4.610187393045045	5.000422662505984
z	#|S|<	z	4.83986789573021	5.000422662505984
z	#|S|<_F	ʒ	0.045474369457745384	5.000422662505984
z	>|S|<	-	1.3498213408779358	5.000422662505984
z	>|S|<	z	1.6854357219004632	5.000422662505984
z	>|S|<	ʒ	3.1529594892024337	5.000422662505984
z	>|S|<	ʤ	4.526491368071643	5.000422662505984
z	>|S|<_F	-	0.961571249991471	5.000422662505984
z	>|S|<_F	z	1.8380738927392395	5.000422662505984
z	>|S|<_F	ʒ	3.8060974373494827	5.000422662505984
z	>|S|<_F	ʤ	4.600338130004787	5.000422662505984
z	F_>|S|<	z	1.183491848139102	5.000422662505984
z	F_>|S|<	-	2.1506932473456963	5.000422662505984
z	F_>|S|<	ʒ	3.6752640364085893	5.000422662505984
z	F_>|S|<	ʤ	4.40764330520981	5.000422662505984
z	F_>|S|<_F	z	1.2231958509818752	5.000422662505984
z	F_>|S|<_F	-	1.8387234717761372	5.000422662505984
z	F_>|S|<_F	ʒ	3.3130479014246235	5.000422662505984
z	F_>|S|<_F	ʤ	4.466986811627827	5.000422662505984
z_a	>|S|#	ʦ	4.000338130004787	5.000422662505984
z_a	F_>|S|#	ʦ	4.000338130004787	5.000422662505984
z_e	#|S|>	ʦ	3.8001690650023936	5.000422662505984
z_e	#|S|>_N	ʦ	4.593325921934811	5.000422662505984
z_e	>|S|#	ʦ	1.0000845325011967	5.000422662505984
z_e	F_>|S|#	ʦ	1.0000845325011967	5.000422662505984
ŋ	>|S|#	ŋ	0.2867361213319747	5.000422662505984
ŋ	>|S|#	m	3.1298210575078795	5.000422662505984
ŋ	>|S|#	-	4.290242616884705	5.000422662505984
ŋ	>|S|>	ŋ	1.2961010760558527	5.000422662505984
ŋ	>|S|>	n	2.722651565006123	5.000422662505984
ŋ	>|S|>	-	2.766593888606624	5.000422662505984
ŋ	>|S|>	m	3.1446098165681575	5.000422662505984
ŋ	F_>|S|#	ŋ	0.2483440271996746	5.000422662505984
ŋ	F_>|S|#	m	2.799780221215743	5.000422662505984
ŋ	F_>|S|>	ŋ	1.9760318475328833	5.000422662505984
ŋ	F_>|S|>	m	2.746595119755318	5.000422662505984
ŋ	F_>|S|>	n	2.7553683010836463	5.000422662505984
ŋ	F_>|S|>	-	2.827074417266711	5.000422662505984
ŋ_t	>|S|<	n	1.0000845325011967	5.000422662505984
ŋ_t	>|S|<_F	n	2.0001690650023933	5.000422662505984
ŋ_t	F_>|S|<	n	1.0000845325011967	5.000422662505984
ŋ_t	F_>|S|<_F	n	3.0002535975035904	5.000422662505984
ɡ	#|S|<	ɡ	0.24077441552504747	5.000422662505984
ɡ	#|S|<	ɣ	3.5698588389513293	5.000422662505984
ɡ	#|S|<	k	4.883261097359359	5.000422662505984
ɡ	#|S|<	-	5.000338130004787	5.000422662505984
ɡ	#|S|<_F	ɡ	4.00831667542949	5.000422662505984
ɡ	#|S|<_R	ɡ	0.04011335892344225	5.000422662505984
ɡ	>|S|<	ɣ	1.770591806725784	5.000422662505984
ɡ	>|S|<	-	3.0231222322691718	5.000422662505984
ɡ	>|S|<	ɡ	3.485691603008233	5.000422662505984
ɡ	>|S|<	k	3.514967097466199	5.000422662505984
ɡ	F_>|S|<	ɣ	1.6126779973665657	5.000422662505984
ɡ	F_>|S|<	-	2.847384118829816	5.000422662505984
ɡ	F_>|S|<	k	3.4869079595708925	5.000422662505984
ɡ	F_>|S|<	ɡ	5.000338130004787	5.000422662505984
ɡ	F_>|S|<_F	ɣ	3.007886201429592	5.000422662505984
ɡ	F_>|S|<_F	k	3.4047817105187135	5.000422662505984
ɡ	F_>|S|<_F	-	4.204373706392313	5.000422662505984
ɡ	F_>|S|<_R	ɣ	2.0114146013145042	5.000422662505984
ɡ_o	>|S|#	k	0.0	5.000422662505984
ɡ_o	>|S|>	k	2.0001690650023933	5.000422662505984
ɡ_o	F_>|S|#	k	1.0000845325011967	5.000422662505984
ɡ_o	F_>|S|>	k	2.0001690650023933	5.000422662505984
ɰ	#|S|<	l	0.0042747301585133795	5.000422662505984
ɰ	#|S|<_F	l	0.0017022999711034808	5.000422662505984
ɰ	>|S|<	l	0.26128447256855164	5.000422662505984
ɰ	>|S|<	-	4.451815698543317	5.000422662505984
ɰ	>|S|<_F	l	0.001702299971103449	5.000422662505984
ɰ	F_>|S|<	l	0.0017022999711034808	5.000422662505984
ɰ	F_>|S|<_F	l	1.0007926040422466	5.000422662505984
ɰ_o	>|S|#	w	3.2997535293977536	5.000422662505984
ɰ_o	>|S|#	t	4.200338130004787	5.000422662505984
ɰ_o	F_>|S|#	w	3.20025359750359	5.000422662505984
ɰ_o	F_>|S|#	t	4.200338130004787	5.000422662505984
ɲ	>|S|<	ɲ	0.2827258609772071	5.000422662505984
ɲ	>|S|<_F	ɲ	0.42853118423715936	5.000422662505984
ɲ	F_>|S|<	ɲ	0.32496152326463557	5.000422662505984
ɲ	F_>|S|<_F	ɲ	0.46723512661600625	5.000422662505984
ɲ_o	>|S|#	ɲ	3.0002535975035904	5.000422662505984
ʤ	#|S|<	ɡ	2.037412826758986	5.000422662505984
ʤ	#|S|<	ʎ	4.2001690650023935	5.000422662505984
ʤ	#|S|<_F	ɡ	3.007558772708613	5.000422662505984
ʤ	>|S|<_F	ɡ	2.4001690650023937	5.000422662505984
ʤ	>|S|<_F	ʎ	3.4002535975035904	5.000422662505984
ʤ	F_>|S|<	ʎ	2.5100367832004804	5.000422662505984
ʧ	#|S|<_F	-	2.0162629097249356	5.000422662505984
ʧ	#|S|<_F	ʎ	4.86472374898226	5.000422662505984
ʧ	>|S|<	ʎ	1.0335065296682484	5.000422662505984
ʧ	>|S|<	-	4.264554683979866	5.000422662505984
ʧ	>|S|<_F	ʎ	1.0132189768381228	5.000422662505984
ʧ	>|S|<_F	-	4.86472374898226	5.000422662505984
ʧ	F_>|S|<	ʎ	1.0132189768381228	5.000422662505984
ʧ	F_>|S|<	-	4.86472374898226	5.000422662505984
ʧ	F_>|S|<_F	ʎ	1.0055204774393534	5.000422662505984
ʧ_o	>|S|#	ʎ	1.0000845325011967	5.000422662505984
ʧ_o	F_>|S|#	ʎ	3.0002535975035904	5.000422662505984
ˈa	#|S|>	ˈa	1.0121404419113362	5.000422662505984
ˈa	#|S|>_N	ˈa	1.0048841667582904	5.000422662505984
ˈa	<|S|#	ˈa	0.9920190053268115	5.000422662505984
ˈa	<|S|#	-	4.231683230742278	5.000422662505984
ˈa	<|S|>	ˈa	0.15890526451424247	5.000422662505984
ˈa	<|S|>	ˈɛ	4.1625955882132795	5.000422662505984
ˈa	<|S|>	-	4.517613437360618	5.000422662505984
ˈa	<|S|>_F	ˈa	2.0017972546282534	5.000422662505984
ˈa	<|S|>_N	ˈa	0.07466857634147506	5.000422662505984
ˈa	<|S|>_N	-	4.497270252236105	5.000422662505984
ˈa	<|S|>_R	ˈa	0.42620998277815125	5.000422662505984
ˈa	<|S|>_R	-	3.5412543634449327	5.000422662505984
ˈa	F_<|S|>	ˈa	0.22722239635011102	5.000422662505984
ˈa	F_<|S|>	-	3.656922275150417	5.000422662505984
ˈa	F_<|S|>_N	ˈa	0.3116217357672047	5.000422662505984
ˈa	F_<|S|>_N	-	3.527128432145046	5.000422662505984
ˈa_r	<|S|#	ˈa	0.0	5.000422662505984
ˈa_r	F_<|S|#	ˈa	2.0001690650023933	5.000422662505984
ˈe	#|S|<_F	ˈe	2.0072132370162334	5.000422662505984
ˈe	#|S|=	ˈe	2.0197849403015993	5.000422662505984
ˈe	#|S|>	l_ˈe	1.1315683622887303	5.000422662505984
ˈe	#|S|>	ˈe	3.2504063823552642	5.000422662505984
ˈe	#|S|>_N	l_ˈe	1.0508927387460616	5.000422662505984
ˈe	#|S|>_N	ˈe	4.572334477242626	5.000422662505984
ˈe	<|S|#	ˈe	2.012604573970312	5.000422662505984
ˈe	<|S|<_F	ˈe	1.5111334456631398	5.000422662505984
ˈe	<|S|=	ˈe	0.7147780282521896	5.000422662505984
ˈe	<|S|=	ˈi	3.45964388337482	5.000422662505984
ˈe	<|S|>	ˈe	0.14295155337814766	5.000422662505984
ˈe	<|S|>	ˈi	4.391589937199446	5.000422662505984
ˈe	<|S|>_N	ˈe	0.06122504591125631	5.000422662505984
ˈe	<|S|>_R	ˈe	1.874149401242056	5.000422662505984
ˈe	F_<|S|>	ˈe	2.300593211779499	5.000422662505984
ˈe	F_<|S|>	ˈi	4.32682006262951	5.000422662505984
ˈe	F_<|S|>_N	ˈe	2.002220405775394	5.000422662505984
ˈe	F_>|S|>_N	ˈe	2.003315431788624	5.000422662505984
ˈi	#|S|>	ˈi	1.0217494873354334	5.000422662505984
ˈi	<|S|#	ˈi	0.8656361919597351	5.000422662505984
ˈi	<|S|#	ˈy	4.033760127171838	5.000422662505984
ˈi	<|S|<	ˈi	0.7553615034606551	5.000422662505984
ˈi	<|S|<	j	4.332130746437774	5.000422662505984
ˈi	<|S|<	-	4.522529671855607	5.000422662505984
ˈi	<|S|<	ˈy	4.526491368071643	5.000422662505984
ˈi	<|S|<_F	ˈi	1.3711635707420022	5.000422662505984
ˈi	<|S|<_F	j	4.2091267995223065	5.000422662505984
ˈi	<|S|<_F	-	4.468875461015619	5.000422662505984
ˈi	<|S|>	ˈi	0.22254771575095586	5.000422662505984
ˈi	<|S|>	-	4.127739581626649	5.000422662505984
ˈi	<|S|>	j	4.510205848202874	5.000422662505984
ˈi	<|S|>_N	ˈi	0.4948431054444465	5.000422662505984
ˈi	<|S|>_N	j	4.2091267995223065	5.000422662505984
ˈi	<|S|>_R	-	3.2236551319213596	5.000422662505984
ˈi	<|S|>_R	ˈi	4.137521501722838	5.000422662505984
ˈi	F_>|S|>	ˈi	2.9237993773542894	5.000422662505984
ˈi	F_>|S|>	-	4.211366440843279	5.000422662505984
ˈi_r	<|S|#	ˈi	2.0001690650023933	5.000422662505984
ˈo	#|S|>_N	ˈy	2.0348164783776443	5.000422662505984
ˈo	#|S|>_N	ˈu	4.984213213381172	5.000422662505984
ˈo	<|S|#	ˈy	2.0912915441469813	5.000422662505984
ˈo	<|S|#	ˈu	4.175371321547303	5.000422662505984
ˈo	<|S|<_F	ˈu	2.0163064274667835	5.000422662505984
ˈo	<|S|>	ˈu	0.7789502167191191	5.000422662505984
ˈo	<|S|>	ˈy	2.726392082647399	5.000422662505984
ˈo	<|S|>	ˈɔ	2.997269105710831	5.000422662505984
ˈo	<|S|>_F	ˈy	3.0230066493406023	5.000422662505984
ˈo	<|S|>_F	ˈu	4.997316751526745	5.000422662505984
ˈo	<|S|>_N	ˈu	0.3672986561497082	5.000422662505984
ˈo	<|S|>_N	ˈy	2.598185735348021	5.000422662505984
ˈo	<|S|>_R	ˈy	2.230496734986449	5.000422662505984
ˈo	<|S|>_R	ˈu	4.164671840528261	5.000422662505984
ˈo	F_<|S|>	ˈu	1.594714801838272	5.000422662505984
ˈo	F_<|S|>	ˈɔ	2.628432473608483	5.000422662505984
ˈo	F_<|S|>_N	ˈu	3.004352679780704	5.000422662505984
ˈo	F_=|S|>_N	ˈɔ	2.014843511961038	5.000422662505984
ˈo_r	#|S|>	ˈu	2.0001690650023933	5.000422662505984
ˈo_r	<|S|#	ˈu	1.0000845325011967	5.000422662505984
ˈo_r	F_<|S|#	ˈu	3.0002535975035904	5.000422662505984
ˈu	#|S|>_N	ˈy	2.0001690650023933	5.000422662505984
ˈu	<|S|>	ˈy	0.21060791792591357	5.000422662505984
ˈu	<|S|>	ˈu	4.4647237489822595	5.000422662505984
ˈu	<|S|>_N	ˈy	1.0029844464402198	5.000422662505984
ˈu	<|S|>_R	ˈu	4.012116867815501	5.000422662505984
ˈu	<|S|>_R	ˈy	4.9291093679597315	5.000422662505984
ˈu	F_<|S|>_N	ˈy	3.0002535975035904	5.000422662505984
ˈu_r	<|S|<	ˈy	3.0002535975035904	5.000422662505984
ˈu_r	F_>|S|<	ˈy	3.0002535975035904	5.000422662505984
ˈɔ	#|S|>	ˈe	1.0434135626531906	5.000422662505984
ˈɔ	#|S|>	ˈɔ	2.2473060069348194	5.000422662505984
ˈɔ	#|S|>	ˈa_w	3.1054098853766163	5.000422662505984
ˈɔ	#|S|>_N	ˈɔ	3.0133740852586337	5.000422662505984
ˈɔ	#|S|>_R	ˈa_w	3.022665984386244	5.000422662505984
ˈɔ	<|S|#	ˈe	1.1077449938530062	5.000422662505984
ˈɔ	<|S|#	ˈɔ	4.3961940599679625	5.000422662505984
ˈɔ	<|S|#	ˈa_w	4.9477312488380285	5.000422662505984
ˈɔ	<|S|>	ˈɔ	1.1003620268265337	5.000422662505984
ˈɔ	<|S|>	ˈa_w	3.0649941820528945	5.000422662505984
ˈɔ	<|S|>	ˈu	3.370014033755339	5.000422662505984
ˈɔ	<|S|>	ˈe	3.530351712858338	5.000422662505984
ˈɔ	<|S|>_F	ˈe	2.0304548131993068	5.000422662505984
ˈɔ	<|S|>_N	ˈa_w	3.2182154230168183	5.000422662505984
ˈɔ	<|S|>_R	ˈɔ	0.6041717612788292	5.000422662505984
ˈɔ	<|S|>_R	ˈa_w	3.5265672591608657	5.000422662505984
ˈɔ	F_=|S|>	ˈu	1.0493313469745205	5.000422662505984
ˈɛ	#|S|>	ˈɛ	2.42131251630662	5.000422662505984
ˈɛ	#|S|>	ˈe	2.652413450591788	5.000422662505984
ˈɛ	#|S|>	ˈe_j	3.260373438777849	5.000422662505984
ˈɛ	#|S|>_R	ˈɛ	3.0078991785229148	5.000422662505984
ˈɛ	<|S|#	ˈe_j	3.065103692390778	5.000422662505984
ˈɛ	<|S|#	ˈe	4.02406702930451	5.000422662505984
ˈɛ	<|S|#	ˈɛ	4.226777840114241	5.000422662505984
ˈɛ	<|S|<_F	ˈɛ	3.010583504816064	5.000422662505984
ˈɛ	<|S|=	ˈɛ	0.0608319892158784	5.000422662505984
ˈɛ	<|S|=	ˈe	4.820961118325273	5.000422662505984
ˈɛ	<|S|=_F	ˈɛ	3.0078991785229148	5.000422662505984
ˈɛ	<|S|>	ˈɛ	0.7714899254139571	5.000422662505984
ˈɛ	<|S|>	ˈe	2.5478581953294306	5.000422662505984
ˈɛ	<|S|>	j_ˈe	3.7786607527146785	5.000422662505984
ˈɛ	<|S|>_N	ˈe	3.0195561990559243	5.000422662505984
ˈɛ	<|S|>_N	ˈɛ	4.974221308042758	5.000422662505984
ˈɛ	<|S|>_R	ˈɛ	0.6584049214870562	5.000422662505984
ˈɛ	<|S|>_R	ˈe	2.713485234772603	5.000422662505984
ˈɛ	F_<|S|>	ˈe	2.0310922574674413	5.000422662505984
ˈɛ	F_<|S|>	ˈɛ	4.9067297780860475	5.000422662505984
ˈɛ	F_<|S|>_R	ˈe	2.0129185391710895	5.000422662505984