Phone1	PhonEnv	Phone2	Surprisal
b	#|S|	b	0.0
b	#|S|<	b	0.0
b	#|S|<_F	b	0.0
b	#|S|<_R	b	0.0
b	#|S|F	b	0.0
b	#|S|R	b	0.0
b	|S|<	b	0.0
b	|S|<_F	b	0.0
b	|S|<_R	b	0.0
b	|S|F	b	0.0
b	|S|R	b	0.0
d	#|S|	t	2.497
d	#|S|	d̥	3.415
d	#|S|	d_ə	4.263
d	#|S|<	t	2.913
d	#|S|<	d̥	3.83
d	#|S|<	d_ə	4.678
d	#|S|<_F	t	3.234
d	#|S|<_F	d̥	4.152
d	#|S|<_F	d_ə	5.0
d	#|S|<_R	t	3.234
d	#|S|<_R	d̥	4.152
d	#|S|<_R	d_ə	5.0
d	#|S|F	t	2.913
d	#|S|F	d̥	3.83
d	#|S|F	d_ə	4.678
d	#|S|R	t	2.913
d	#|S|R	d̥	3.83
d	#|S|R	d_ə	4.678
d	>|S|	t	0.913
d	>|S|	d̥	1.83
d	>|S|	d_ə	2.678
d	>|S|	tː	5.0
d	>|S|#	t	0.878
d	>|S|#	d̥	1.796
d	>|S|#	d_ə	2.88
d	>|S|#	tː	4.966
d	>|S|<	d_ə	0.342
d	>|S|<	t	2.913
d	>|S|<	d̥	3.83
d	F_>|S|	t	0.422
d	F_>|S|	d_ə	3.221
d	F_>|S|	tː	3.718
d	F_>|S|	d̥	3.83
d	F_>|S|#	t	0.275
d	F_>|S|#	tː	3.535
d	F_>|S|#	d̥	4.152
d	F_>|S|#	d_ə	5.0
d	F_>|S|<	d_ə	0.267
d	F_>|S|<	t	3.234
d	F_>|S|<	d̥	4.152
d	F|S|	t	0.469
d	F|S|	d_ə	3.15
d	F|S|	d̥	3.415
d	F|S|	tː	3.816
d	F|S|#	t	0.308
d	F|S|#	tː	3.594
d	F|S|#	d̥	3.83
d	F|S|#	d_ə	4.678
d	F|S|<	d_ə	0.342
d	F|S|<	t	2.913
d	F|S|<	d̥	3.83
d	|S|#	t	0.882
d	|S|#	d̥	1.799
d	|S|#	d_ə	2.856
d	|S|#	tː	4.969
d	|S|<	t	2.497
d	|S|<	d_ə	3.373
d	|S|<	d̥	3.415
d	|S|<_F	t	2.913
d	|S|<_F	d̥	3.83
d	|S|<_F	d_ə	4.678
d	|S|<_R	t	2.913
d	|S|<_R	d̥	3.83
d	|S|<_R	d_ə	4.678
d	|S|F	t	2.497
d	|S|F	d̥	3.415
d	|S|F	d_ə	4.263
d	|S|R	t	2.497
d	|S|R	d̥	3.415
d	|S|R	d_ə	4.263
e	<|S|	ə_ɡ̊	0.0
e	<|S|#	ə_ɡ̊	0.0
e	|S|#	ə_ɡ̊	0.0
f	#|S|	v	0.0
f	#|S|<	v	0.0
f	#|S|<_F	v	0.0
f	#|S|<_R	v	0.0
f	#|S|F	v	0.0
f	#|S|R	v	0.0
f	>|S|	v	1.585
f	>|S|#	v	2.0
f	F_>|S|	v	2.0
f	F_>|S|#	v	2.322
f	F|S|	v	1.585
f	F|S|#	v	2.0
f	|S|#	v	1.585
f	|S|<	v	0.0
f	|S|<_F	v	0.0
f	|S|<_R	v	0.0
f	|S|F	v	0.0
f	|S|R	v	0.0
h	#|S|	h	0.042
h	#|S|<	h	0.048
h	#|S|<_F	h	0.0
h	#|S|F	h	0.0
h	|S|<	h	0.042
h	|S|<_F	h	0.0
h	|S|F	h	0.0
i	<|S|	-	1.0
i	<|S|	i	2.0
i	<|S|	ɛ	2.0
i	<|S|#	-	0.678
i	<|S|#	i	1.678
i	<|S|#	ɛ	4.0
i	<|S|>	ɛ	0.3
i	<|S|>	-	3.0
i	<|S|>	i	4.0
i	<|S|>_N	ɛ	0.234
i	<|S|>_N	-	3.322
i	<|S|>_N	i	4.322
i	<|S|N	ɛ	0.3
i	<|S|N	-	3.0
i	<|S|N	i	4.0
i	|S|#	-	0.71
i	|S|#	i	1.71
i	|S|#	ɛ	3.585
i	|S|>	ɛ	0.415
i	|S|>	-	2.585
i	|S|>	i	3.585
i	|S|>_N	ɛ	0.3
i	|S|>_N	-	3.0
i	|S|>_N	i	4.0
i	|S|N	ɛ	0.415
i	|S|N	-	2.585
i	|S|N	i	3.585
j	#|S|	j	1.363
j	#|S|	ɡ	1.363
j	#|S|<	j	1.415
j	#|S|<	ɡ	1.415
j	#|S|<_F	ɡ	1.252
j	#|S|<_F	j	1.943
j	#|S|F	ɡ	1.234
j	#|S|F	j	1.862
j	|S|<	j	1.363
j	|S|<	ɡ	1.363
j	|S|<_F	ɡ	1.234
j	|S|<_F	j	1.862
j	|S|F	ɡ	1.206
j	|S|F	j	1.737
k	#|S|	k	1.28
k	#|S|	x	2.865
k	#|S|	xː	3.672
k	#|S|	kː	4.672
k	#|S|<	k	1.205
k	#|S|<	x	3.28
k	#|S|<	xː	4.087
k	#|S|<_F	k	0.239
k	#|S|<_F	x	3.602
k	#|S|<_F	xː	4.409
k	#|S|<_N	x	3.602
k	#|S|<_N	k	4.409
k	#|S|<_N	xː	4.409
k	#|S|F	k	0.306
k	#|S|F	x	3.28
k	#|S|F	xː	4.087
k	#|S|N	x	3.28
k	#|S|N	k	4.087
k	#|S|N	xː	4.087
k	>|S|	x	1.28
k	>|S|	xː	2.087
k	>|S|	k	2.35
k	>|S|	kː	3.087
k	>|S|#	x	1.353
k	>|S|#	k	2.108
k	>|S|#	xː	2.108
k	>|S|#	kː	3.521
k	>|S|<	x	1.065
k	>|S|<	xː	2.021
k	>|S|<	kː	2.205
k	>|S|<	k	4.087
k	F_>|S|	x	1.065
k	F_>|S|	xː	1.817
k	F_>|S|	kː	2.479
k	F_>|S|	k	4.087
k	F_>|S|#	x	0.89
k	F_>|S|#	xː	1.859
k	F_>|S|#	kː	2.859
k	F_>|S|#	k	4.409
k	F_>|S|<	x	1.519
k	F_>|S|<	xː	1.672
k	F_>|S|<	kː	1.785
k	F_>|S|<	k	4.409
k	F|S|	x	1.087
k	F|S|	xː	1.845
k	F|S|	kː	2.535
k	F|S|	k	3.672
k	F|S|#	x	0.912
k	F|S|#	xː	1.872
k	F|S|#	kː	2.872
k	F|S|#	k	4.087
k	F|S|<	x	1.503
k	F|S|<	xː	1.695
k	F|S|<	kː	1.84
k	F|S|<	k	4.087
k	|S|#	x	1.345
k	|S|#	k	2.106
k	|S|#	xː	2.106
k	|S|#	kː	3.466
k	|S|<	x	1.476
k	|S|<	k	2.399
k	|S|<	xː	2.399
k	|S|<	kː	2.734
k	|S|<_F	k	0.306
k	|S|<_F	x	3.28
k	|S|<_F	xː	4.087
k	|S|<_N	x	3.28
k	|S|<_N	k	4.087
k	|S|<_N	xː	4.087
k	|S|F	k	0.424
k	|S|F	x	2.865
k	|S|F	xː	3.672
k	|S|F	kː	4.672
k	|S|N	x	2.865
k	|S|N	k	3.672
k	|S|N	xː	3.672
k	|S|N	kː	4.672
kʰ	#|S|	kʰ	0.0
kʰ	#|S|<	kʰ	0.0
kʰ	#|S|<_F	kʰ	0.0
kʰ	#|S|<_N	kʰ	0.0
kʰ	#|S|F	kʰ	0.0
kʰ	#|S|N	kʰ	0.0
kʰ	|S|<	kʰ	0.0
kʰ	|S|<_F	kʰ	0.0
kʰ	|S|<_N	kʰ	0.0
kʰ	|S|F	kʰ	0.0
kʰ	|S|N	kʰ	0.0
l	#|S|	l	0.052
l	#|S|	l_ə	4.833
l	#|S|<	l	0.038
l	#|S|<_F	l	0.031
l	#|S|F	l	0.038
l	<|S|	l	0.266
l	<|S|	l_ə	3.297
l	<|S|#	l_ə	1.317
l	<|S|#	l	2.16
l	<|S|<	l	0.038
l	<|S|<_F	l	0.031
l	<|S|F	l	0.038
l	>|S|	l	0.387
l	>|S|	l_ə	2.888
l	>|S|#	l	0.74
l	>|S|#	l_ə	1.992
l	>|S|<	l	0.038
l	>|S|<_F	l	0.031
l	>|S|>	l	0.237
l	>|S|F	l	0.038
l	F_>|S|	l	0.347
l	F_>|S|	l_ə	3.493
l	F_>|S|#	l	0.489
l	F_>|S|#	l_ə	2.695
l	F_>|S|<	l	0.031
l	F_>|S|<_F	l	0.026
l	F_>|S|>	l	0.36
l	F_>|S|F	l	0.031
l	F|S|	l	0.325
l	F|S|	l_ə	3.464
l	F|S|#	l	0.467
l	F|S|#	l_ə	2.724
l	F|S|<	l	0.038
l	F|S|<_F	l	0.031
l	F|S|>	l	0.347
l	F|S|F	l	0.038
l	|S|#	l	0.796
l	|S|#	l_ə	1.958
l	|S|<	l	0.052
l	|S|<	l_ə	4.833
l	|S|<_F	l	0.038
l	|S|>	l	0.228
l	|S|>	l_ə	4.833
l	|S|F	l	0.052
l	|S|F	l_ə	4.833
m	#|S|	m	0.0
m	#|S|<	m	0.0
m	#|S|<_F	m	0.0
m	#|S|F	m	0.0
m	>|S|	m	0.0
m	>|S|#	m	0.0
m	>|S|<	m	0.0
m	F_>|S|	m	0.0
m	F_>|S|#	m	0.0
m	F_>|S|<	m	0.0
m	F|S|	m	0.0
m	F|S|#	m	0.0
m	F|S|<	m	0.0
m	|S|#	m	0.0
m	|S|<	m	0.0
m	|S|<_F	m	0.0
m	|S|F	m	0.0
n	#|S|	n	1.7
n	#|S|<	n	2.115
n	#|S|<_F	n	2.437
n	#|S|F	n	2.115
n	<|S|	n	0.308
n	<|S|#	n	2.115
n	<|S|<	n	0.028
n	<|S|<_F	n	0.022
n	<|S|F	n	0.028
n	>|S|	n	0.122
n	>|S|	nː	3.622
n	>|S|#	n	0.195
n	>|S|#	nː	2.984
n	>|S|<	n	0.028
n	>|S|<_F	n	0.022
n	>|S|>	n	0.028
n	>|S|F	n	0.028
n	F_>|S|	n	0.195
n	F_>|S|	nː	2.984
n	F_>|S|#	n	0.278
n	F_>|S|#	nː	2.511
n	F_>|S|<	n	0.022
n	F_>|S|<_F	n	0.019
n	F_>|S|>	n	0.022
n	F_>|S|F	n	0.022
n	F|S|	n	0.186
n	F|S|	nː	3.048
n	F|S|#	n	0.267
n	F|S|#	nː	2.563
n	F|S|<	n	0.028
n	F|S|<_F	n	0.022
n	F|S|>	n	0.028
n	F|S|F	n	0.028
n	|S|#	n	0.229
n	|S|#	nː	3.101
n	|S|<	n	0.739
n	|S|<_F	n	1.257
n	|S|>	n	0.037
n	|S|F	n	1.076
p	>|S|	f	0.459
p	>|S|	p͡f	2.459
p	>|S|	fː	3.459
p	>|S|#	f	0.386
p	>|S|#	p͡f	2.957
p	>|S|#	fː	3.237
p	>|S|<	f	0.845
p	>|S|<	p͡f	1.25
p	F_>|S|	f	0.426
p	F_>|S|	p͡f	2.845
p	F_>|S|	fː	3.102
p	F_>|S|#	f	0.3
p	F_>|S|#	fː	2.722
p	F_>|S|#	p͡f	4.781
p	F_>|S|<	f	0.874
p	F_>|S|<	p͡f	1.196
p	F|S|	f	0.43
p	F|S|	p͡f	2.796
p	F|S|	fː	3.138
p	F|S|#	f	0.31
p	F|S|#	fː	2.759
p	F|S|#	p͡f	4.459
p	F|S|<	f	0.845
p	F|S|<	p͡f	1.25
p	|S|#	f	0.394
p	|S|#	p͡f	2.892
p	|S|#	fː	3.26
p	|S|<	f	0.796
p	|S|<	p͡f	1.344
p	|S|<	fː	5.044
pʰ	#|S|	p͡f	0.0
pʰ	#|S|<	p͡f	0.0
pʰ	#|S|<_F	p͡f	0.0
pʰ	#|S|F	p͡f	0.0
pʰ	|S|<	p͡f	0.0
pʰ	|S|<_F	p͡f	0.0
pʰ	|S|F	p͡f	0.0
r	#|S|	r	1.7
r	#|S|<	r	2.115
r	#|S|<_F	r	2.437
r	#|S|F	r	2.115
r	<|S|	r	0.115
r	<|S|	-	3.963
r	<|S|<	r	0.115
r	<|S|<	-	3.893
r	<|S|<_F	r	0.022
r	<|S|F	r	0.028
r	>|S|	r	0.163
r	>|S|	r_ə	4.463
r	>|S|#	r	0.189
r	>|S|#	r_ə	4.027
r	>|S|<	r	0.028
r	>|S|<_F	r	0.022
r	>|S|>	r	0.143
r	>|S|>	-	3.563
r	>|S|>_N	r	0.022
r	>|S|F	r	0.028
r	>|S|N	r	0.028
r	F_>|S|	r	0.195
r	F_>|S|#	r	0.403
r	F_>|S|<	r	0.022
r	F_>|S|<_F	r	0.019
r	F_>|S|>	r	0.022
r	F_>|S|>_N	r	0.019
r	F_>|S|F	r	0.022
r	F_>|S|N	r	0.022
r	F|S|	r	0.186
r	F|S|#	r	0.384
r	F|S|<	r	0.028
r	F|S|<_F	r	0.022
r	F|S|>	r	0.028
r	F|S|>_N	r	0.022
r	F|S|F	r	0.028
r	F|S|N	r	0.028
r	|S|#	r	0.18
r	|S|#	r_ə	4.088
r	|S|<	r	0.411
r	|S|<	-	4.488
r	|S|<_F	r	0.453
r	|S|>	r	0.14
r	|S|>	-	3.653
r	|S|>_N	r	0.028
r	|S|F	r	0.411
r	|S|N	r	0.037
r_n	>|S|	r_n	0.0
r_n	>|S|#	r_n	0.0
r_n	F_>|S|	r_n	0.0
r_n	F_>|S|#	r_n	0.0
r_n	F|S|	r_n	0.0
r_n	F|S|#	r_n	0.0
r_n	|S|#	r_n	0.0
r_ˈaɪ̯	<|S|	rː	0.0
r_ˈaɪ̯	<|S|#	rː	0.0
r_ˈaɪ̯	|S|#	rː	0.0
r_ˈi	<|S|	r	0.0
r_ˈi	<|S|>	r	0.0
r_ˈi	<|S|>_N	r	0.0
r_ˈi	<|S|N	r	0.0
r_ˈi	|S|>	r	0.0
r_ˈi	|S|>_N	r	0.0
r_ˈi	|S|N	r	0.0
r_ˈiː	<|S|	r	0.0
r_ˈiː	<|S|>	r	0.0
r_ˈiː	<|S|>_N	r	0.0
r_ˈiː	<|S|N	r	0.0
r_ˈiː	|S|>	r	0.0
r_ˈiː	|S|>_N	r	0.0
r_ˈiː	|S|N	r	0.0
r_ˈɛ	<|S|	r	0.0
r_ˈɛ	<|S|>	r	0.0
r_ˈɛ	|S|>	r	0.0
s	#|S|	s	0.623
s	#|S|	ʃ	1.794
s	#|S|	ʃ_w	4.002
s	#|S|<	s	0.485
s	#|S|<	ʃ	2.239
s	#|S|<	ʃ_w	3.764
s	#|S|<_F	s	0.206
s	#|S|<_F	ʃ_w	3.492
s	#|S|<_F	ʃ	4.492
s	#|S|<_N	ʃ	0.244
s	#|S|<_N	s	2.769
s	#|S|>	ʃ	0.312
s	#|S|>	s	2.447
s	#|S|F	s	0.22
s	#|S|F	ʃ_w	3.538
s	#|S|F	ʃ	4.17
s	#|S|N	ʃ	0.312
s	#|S|N	s	2.447
s	<|S|	s	0.134
s	<|S|	ʃ	3.755
s	<|S|#	s	0.1
s	<|S|#	ʃ	4.17
s	>|S|	s	0.273
s	>|S|	ʃ	3.111
s	>|S|#	s	0.327
s	>|S|#	ʃ	3.015
s	>|S|>	s	0.1
s	>|S|>	ʃ	4.17
s	F_>|S|	s	0.383
s	F_>|S|	ʃ	2.848
s	F_>|S|#	s	0.871
s	F_>|S|#	ʃ	2.032
s	F_>|S|>	s	0.079
s	F_>|S|>	ʃ	4.492
s	F|S|	s	0.39
s	F|S|	ʃ	2.755
s	F|S|#	s	0.841
s	F|S|#	ʃ	2.041
s	F|S|>	s	0.1
s	F|S|>	ʃ	4.17
s	|S|#	s	0.307
s	|S|#	ʃ	2.996
s	|S|<	s	0.481
s	|S|<	ʃ	2.231
s	|S|<	ʃ_w	3.829
s	|S|<_F	s	0.22
s	|S|<_F	ʃ_w	3.538
s	|S|<_F	ʃ	4.17
s	|S|<_N	ʃ	0.312
s	|S|<_N	s	2.447
s	|S|>	s	0.702
s	|S|>	ʃ	1.433
s	|S|F	s	0.244
s	|S|F	ʃ_w	3.617
s	|S|F	ʃ	3.755
s	|S|N	ʃ	0.433
s	|S|N	s	2.032
s_l	#|S|	ʃ_l	0.0
s_l	#|S|<	ʃ_l	0.0
s_l	#|S|<_F	ʃ_l	0.0
s_l	#|S|F	ʃ_l	0.0
s_l	|S|<	ʃ_l	0.0
s_l	|S|<_F	ʃ_l	0.0
s_l	|S|F	ʃ_l	0.0
s_ˈɪ	#|S|	s_ˈu	0.0
s_ˈɪ	#|S|>	s_ˈu	0.0
s_ˈɪ	#|S|>_N	s_ˈu	0.0
s_ˈɪ	#|S|N	s_ˈu	0.0
s_ˈɪ	|S|>	s_ˈu	0.0
s_ˈɪ	|S|>_N	s_ˈu	0.0
s_ˈɪ	|S|N	s_ˈu	0.0
t	>|S|	t	1.372
t	>|S|	s̻	1.652
t	>|S|	ʦ	3.874
t	>|S|	s̻ː	4.459
t	>|S|	s̻ː_ə	4.459
t	>|S|	t_ə	4.459
t	>|S|	ʦ_ə	4.459
t	>|S|	ʦː	4.459
t	>|S|#	s̻	1.33
t	>|S|#	t	1.627
t	>|S|#	ʦ	4.0
t	>|S|#	s̻ː_ə	4.138
t	>|S|#	t_ə	4.138
t	>|S|#	ʦː	4.138
t	>|S|#	ʦ_ə	4.874
t	>|S|<	t	0.801
t	>|S|<	s̻ː	2.759
t	>|S|<	ʦ	3.553
t	>|S|<	s̻	3.652
t	>|S|<	ʦ_ə	3.652
t	>|S|<_F	t	0.844
t	>|S|<_F	ʦ	2.526
t	>|S|<_F	ʦ_ə	2.564
t	>|S|<_F	s̻	3.974
t	>|S|F	t	0.871
t	>|S|F	ʦ	2.582
t	>|S|F	ʦ_ə	2.632
t	>|S|F	s̻	3.652
t	F_>|S|	s̻	0.941
t	F_>|S|	s̻ː	3.328
t	F_>|S|	s̻ː_ə	3.328
t	F_>|S|	ʦː	3.328
t	F_>|S|	t	3.372
t	F_>|S|	ʦ	4.031
t	F_>|S|#	s̻	0.655
t	F_>|S|#	s̻ː_ə	3.019
t	F_>|S|#	ʦː	3.019
t	F_>|S|#	t	3.694
t	F_>|S|<	s̻ː	0.883
t	F_>|S|<	ʦ	1.835
t	F_>|S|<	t	3.694
t	F_>|S|<	s̻	3.974
t	F_>|S|<_F	ʦ	0.243
t	F_>|S|<_F	t	3.957
t	F_>|S|<_F	s̻	4.237
t	F_>|S|F	ʦ	0.298
t	F_>|S|F	t	3.694
t	F_>|S|F	s̻	3.974
t	F|S|	s̻	1.005
t	F|S|	t	2.957
t	F|S|	s̻ː	3.418
t	F|S|	s̻ː_ə	3.418
t	F|S|	ʦː	3.418
t	F|S|	ʦ	4.013
t	F|S|#	s̻	0.701
t	F|S|#	s̻ː_ə	3.077
t	F|S|#	ʦː	3.077
t	F|S|#	t	3.372
t	F|S|<	s̻ː	0.968
t	F|S|<	ʦ	1.905
t	F|S|<	t	3.372
t	F|S|<	s̻	3.652
t	F|S|<_F	ʦ	0.298
t	F|S|<_F	t	3.694
t	F|S|<_F	s̻	3.974
t	F|S|F	ʦ	0.383
t	F|S|F	t	3.372
t	F|S|F	s̻	3.652
t	|S|#	s̻	1.363
t	|S|#	t	1.596
t	|S|#	ʦ	3.986
t	|S|#	s̻ː_ə	4.17
t	|S|#	t_ə	4.17
t	|S|#	ʦː	4.17
t	|S|#	ʦ_ə	4.822
t	|S|<	t	0.855
t	|S|<	s̻ː	2.874
t	|S|<	s̻	3.237
t	|S|<	ʦ	3.585
t	|S|<	ʦ_ə	3.722
t	|S|<_F	t	0.871
t	|S|<_F	ʦ	2.582
t	|S|<_F	ʦ_ə	2.632
t	|S|<_F	s̻	3.652
t	|S|F	t	0.919
t	|S|F	ʦ	2.68
t	|S|F	ʦ_ə	2.752
t	|S|F	s̻	3.237
tʰ	#|S|	ʦ	0.0
tʰ	#|S|<	ʦ	0.0
tʰ	#|S|<_F	ʦ	0.0
tʰ	#|S|F	ʦ	0.0
tʰ	|S|<	ʦ	0.0
tʰ	|S|<_F	ʦ	0.0
tʰ	|S|F	ʦ	0.0
v	>|S|	-	1.0
v	>|S|	f	1.0
v	>|S|#	f	0.193
v	>|S|#	-	3.0
v	>|S|<	-	0.678
v	>|S|<	f	1.415
v	>|S|<_N	f	0.152
v	>|S|<_N	-	3.322
v	>|S|N	f	0.193
v	>|S|N	-	3.0
v	F_>|S|	-	1.0
v	F_>|S|	f	1.0
v	F_>|S|#	f	0.152
v	F_>|S|#	-	3.322
v	F_>|S|<	-	0.659
v	F_>|S|<	f	1.447
v	F_>|S|<_N	f	0.126
v	F_>|S|<_N	-	3.585
v	F_>|S|N	f	0.152
v	F_>|S|N	-	3.322
v	F|S|	-	1.0
v	F|S|	f	1.0
v	F|S|#	f	0.193
v	F|S|#	-	3.0
v	F|S|<	-	0.678
v	F|S|<	f	1.415
v	F|S|<_N	f	0.152
v	F|S|<_N	-	3.322
v	F|S|N	f	0.193
v	F|S|N	-	3.0
v	|S|#	f	0.263
v	|S|#	-	2.585
v	|S|<	-	0.71
v	|S|<	f	1.363
v	|S|<_N	f	0.193
v	|S|<_N	-	3.0
v	|S|N	f	0.263
v	|S|N	-	2.585
w	#|S|	w	0.0
w	#|S|<	w	0.0
w	#|S|<_F	w	0.0
w	#|S|F	w	0.0
w	<|S|	w	0.144
w	<|S|<	w	0.163
w	<|S|<_F	w	0.322
w	<|S|F	w	0.3
w	|S|<	w	0.042
w	|S|<_F	w	0.069
w	|S|F	w	0.061
w_ˈa	#|S|	w	0.0
w_ˈa	#|S|>	w	0.0
w_ˈa	<|S|	w	0.0
w_ˈa	<|S|>	w	0.0
w_ˈa	|S|>	w	0.0
x	>|S|	x	1.206
x	>|S|	ɡ̊	1.206
x	>|S|#	ɡ̊	0.678
x	>|S|#	x	3.0
x	>|S|>	x	0.193
x	>|S|>	ɡ̊	3.0
x	F_>|S|	ɡ̊	0.193
x	F_>|S|	x	3.0
x	F_>|S|#	ɡ̊	0.152
x	F_>|S|#	x	3.322
x	F|S|	ɡ̊	0.263
x	F|S|	x	2.585
x	F|S|#	ɡ̊	0.193
x	F|S|#	x	3.0
x	|S|#	ɡ̊	0.71
x	|S|#	x	2.585
x	|S|>	x	0.263
x	|S|>	ɡ̊	2.585
z	>|S|	s_ə	0.263
z	>|S|#	s_ə	0.0
z	>|S|<	s_ə	2.0
z	F_>|S|	s_ə	0.0
z	F_>|S|#	s_ə	0.0
z	F|S|	s_ə	0.0
z	F|S|#	s_ə	0.0
z	|S|#	s_ə	0.0
z	|S|<	s_ə	1.585
ç	>|S|	x	0.144
ç	>|S|#	x	0.678
ç	>|S|>	x	0.0
ç	F_>|S|	x	0.0
ç	F_>|S|#	x	0.0
ç	F_>|S|>	x	0.0
ç	F|S|	x	0.0
ç	F|S|#	x	0.0
ç	F|S|>	x	0.0
ç	|S|#	x	0.585
ç	|S|>	x	0.0
ð	#|S|	d	0.222
ð	#|S|	t	2.807
ð	#|S|<	d	0.163
ð	#|S|<	t	3.222
ð	>|S|	d	0.933
ð	>|S|	t	1.07
ð	>|S|<	d	0.949
ð	>|S|<	t	1.052
ð	>|S|<_F	d	0.129
ð	>|S|<_F	t	3.544
ð	>|S|F	d	0.163
ð	>|S|F	t	3.222
ð	F_>|S|	d	0.949
ð	F_>|S|	t	1.052
ð	F_>|S|<	d	0.959
ð	F_>|S|<	t	1.042
ð	F_>|S|<_F	d	0.107
ð	F_>|S|<_F	t	3.807
ð	F_>|S|F	d	0.129
ð	F_>|S|F	t	3.544
ð	F|S|	d	0.933
ð	F|S|	t	1.07
ð	F|S|<	d	0.949
ð	F|S|<	t	1.052
ð	F|S|<_F	d	0.129
ð	F|S|<_F	t	3.544
ð	F|S|F	d	0.163
ð	F|S|F	t	3.222
ð	|S|<	d	0.807
ð	|S|<	t	1.222
ð	|S|<_F	d	0.163
ð	|S|<_F	t	3.222
ð	|S|F	d	0.222
ð	|S|F	t	2.807
ŋ	>|S|	ŋ	0.09
ŋ	>|S|#	ŋ	0.163
ŋ	>|S|<	ŋ	0.0
ŋ	>|S|>	ŋ	0.0
ŋ	F_>|S|	ŋ	0.142
ŋ	F_>|S|#	ŋ	0.252
ŋ	F_>|S|<	ŋ	0.0
ŋ	F_>|S|>	ŋ	0.0
ŋ	F|S|	ŋ	0.126
ŋ	F|S|#	ŋ	0.234
ŋ	F|S|<	ŋ	0.0
ŋ	F|S|>	ŋ	0.0
ŋ	|S|#	ŋ	0.144
ŋ	|S|<	ŋ	0.0
ŋ	|S|>	ŋ	0.0
ə	#|S|	-	0.447
ə	#|S|	ə	2.244
ə	#|S|	ɡ_ə	4.907
ə	#|S|>	-	0.322
ə	#|S|>	ə	2.659
ə	<|S|	ə	0.533
ə	<|S|	-	3.059
ə	<|S|	ɡ_ə	3.141
ə	<|S|	t_ə	3.726
ə	<|S|#	-	0.862
ə	<|S|#	ɡ_ə	1.862
ə	<|S|#	ə	2.659
ə	<|S|>	ə	0.373
ə	<|S|>	ɡ_ə	3.424
ə	<|S|>	t_ə	3.559
ə	<|S|>	-	4.322
ə	<|S|>_N	ə	0.11
ə	<|S|>_N	-	4.644
ə	<|S|>_R	ə	0.437
ə	<|S|>_R	ɡ_ə	3.131
ə	<|S|>_R	t_ə	3.218
ə	<|S|>_R	-	4.644
ə	<|S|N	ə	0.139
ə	<|S|N	-	4.322
ə	<|S|R	ə	0.45
ə	<|S|R	ɡ_ə	3.143
ə	<|S|R	t_ə	3.253
ə	<|S|R	-	4.322
ə	=|S|	-	0.447
ə	=|S|	ə	2.244
ə	=|S|	ɡ_ə	4.907
ə	=|S|>	-	0.322
ə	=|S|>	ə	2.659
ə	=|S|>_R	-	0.252
ə	=|S|>_R	ə	2.981
ə	=|S|R	-	0.322
ə	=|S|R	ə	2.659
ə	>|S|	-	0.968
ə	>|S|	ə	1.206
ə	>|S|	ɡ_ə	4.907
ə	>|S|>	-	0.862
ə	>|S|>	ə	1.292
ə	>|S|>_R	-	0.803
ə	>|S|>_R	ə	1.346
ə	>|S|R	-	0.862
ə	>|S|R	ə	1.292
ə	|S|#	-	0.968
ə	|S|#	ɡ_ə	1.968
ə	|S|#	ə	2.244
ə	|S|>	ə	0.556
ə	|S|>	-	2.596
ə	|S|>	ɡ_ə	3.596
ə	|S|>	t_ə	3.804
ə	|S|>_N	ə	0.139
ə	|S|>_N	-	4.322
ə	|S|>_R	ə	0.603
ə	|S|>_R	-	2.67
ə	|S|>_R	ɡ_ə	3.374
ə	|S|>_R	t_ə	3.505
ə	|S|N	ə	0.188
ə	|S|N	-	3.907
ə	|S|N	ɡ_ə	4.907
ə	|S|R	ə	0.609
ə	|S|R	-	2.627
ə	|S|R	ɡ_ə	3.368
ə	|S|R	t_ə	3.544
ɛ	<|S|	ə	0.0
ɛ	<|S|>	ə	0.0
ɛ	<|S|>_R	ə	0.0
ɛ	<|S|R	ə	0.0
ɛ	|S|>	ə	0.0
ɛ	|S|>_R	ə	0.0
ɛ	|S|R	ə	0.0
ʃ	#|S|	ʃ	0.138
ʃ	#|S|	ʃː	3.459
ʃ	#|S|<	ʃ	0.102
ʃ	#|S|<	ʃː	3.874
ʃ	#|S|<_F	ʃ	0.081
ʃ	#|S|<_F	ʃː	4.196
ʃ	#|S|F	ʃ	0.102
ʃ	#|S|F	ʃː	3.874
ʃ	>|S|	ʃː	0.401
ʃ	>|S|	ʃ	2.044
ʃ	>|S|#	ʃː	0.29
ʃ	>|S|#	ʃ	2.459
ʃ	F_>|S|	ʃː	0.29
ʃ	F_>|S|	ʃ	2.459
ʃ	F_>|S|#	ʃː	0.227
ʃ	F_>|S|#	ʃ	2.781
ʃ	F|S|	ʃː	0.401
ʃ	F|S|	ʃ	2.044
ʃ	F|S|#	ʃː	0.29
ʃ	F|S|#	ʃ	2.459
ʃ	|S|#	ʃː	0.401
ʃ	|S|#	ʃ	2.044
ʃ	|S|<	ʃ	0.138
ʃ	|S|<	ʃː	3.459
ʃ	|S|<_F	ʃ	0.102
ʃ	|S|<_F	ʃː	3.874
ʃ	|S|F	ʃ	0.138
ʃ	|S|F	ʃː	3.459
ʍ	#|S|	w	0.0
ʍ	#|S|<	w	0.0
ʍ	#|S|<_F	w	0.0
ʍ	#|S|F	w	0.0
ʍ	|S|<	w	0.0
ʍ	|S|<_F	w	0.0
ʍ	|S|F	w	0.0
ʤ	>|S|	kː_ə	0.0
ʤ	>|S|#	kː_ə	0.0
ʤ	F_>|S|	kː_ə	0.0
ʤ	F_>|S|#	kː_ə	0.0
ʤ	F|S|	kː_ə	0.0
ʤ	F|S|#	kː_ə	0.0
ʤ	|S|#	kː_ə	0.0
ʧ_ˈiː	#|S|	ˈæː	0.0
ʧ_ˈiː	#|S|>	ˈæː	0.0
ʧ_ˈiː	|S|>	ˈæː	0.0
ˈa	<|S|	ˈɑ	0.459
ˈa	<|S|	ˈɛ	1.874
ˈa	<|S|>	ˈɑ	0.459
ˈa	<|S|>	ˈɛ	1.874
ˈa	<|S|>_N	ˈɑ	0.081
ˈa	<|S|>_N	ˈɛ	4.196
ˈa	<|S|>_R	ˈɑ	0.874
ˈa	<|S|>_R	ˈɛ	1.138
ˈa	<|S|N	ˈɑ	0.102
ˈa	<|S|N	ˈɛ	3.874
ˈa	<|S|R	ˈɑ	0.845
ˈa	<|S|R	ˈɛ	1.174
ˈa	|S|>	ˈɑ	0.459
ˈa	|S|>	ˈɛ	1.874
ˈa	|S|>_N	ˈɑ	0.102
ˈa	|S|>_N	ˈɛ	3.874
ˈa	|S|>_R	ˈɑ	0.845
ˈa	|S|>_R	ˈɛ	1.174
ˈa	|S|N	ˈɑ	0.138
ˈa	|S|N	ˈɛ	3.459
ˈa	|S|R	ˈɑ	0.796
ˈa	|S|R	ˈɛ	1.237
ˈaː	#|S|	ˈi_x	0.0
ˈaː	#|S|#	ˈi_x	0.0
ˈaː	|S|#	ˈi_x	0.0
ˈaːɪ̯	<|S|	ˈy_n	0.0
ˈaːɪ̯	<|S|>	ˈy_n	0.0
ˈaːɪ̯	|S|>	ˈy_n	0.0
ˈe	#|S|	ˈei̯	0.975
ˈe	#|S|	ˈɑ	1.132
ˈe	#|S|	ˈoː	4.833
ˈe	#|S|>	ˈei̯	0.981
ˈe	#|S|>	ˈɑ	1.098
ˈe	#|S|>_N	ˈei̯	0.144
ˈe	#|S|>_N	ˈɑ	3.763
ˈe	#|S|N	ˈei̯	0.182
ˈe	#|S|N	ˈɑ	3.441
ˈe	<|S|	ˈei̯	0.913
ˈe	<|S|	ˈɑ	1.535
ˈe	<|S|	ˈoː	3.012
ˈe	<|S|>	ˈei̯	0.912
ˈe	<|S|>	ˈɑ	1.547
ˈe	<|S|>	ˈoː	2.985
ˈe	<|S|>_N	ˈei̯	0.504
ˈe	<|S|>_N	ˈɑ	1.869
ˈe	<|S|N	ˈei̯	0.527
ˈe	<|S|N	ˈɑ	1.839
ˈe	|S|>	ˈei̯	0.926
ˈe	|S|>	ˈɑ	1.441
ˈe	|S|>	ˈoː	3.248
ˈe	|S|>_N	ˈei̯	0.451
ˈe	|S|>_N	ˈɑ	2.046
ˈe	|S|N	ˈei̯	0.497
ˈe	|S|N	ˈɑ	1.965
ˈe	|S|N	ˈoː	4.833
ˈeː	<|S|	ˈɑ	0.893
ˈeː	<|S|	-	1.7
ˈeː	<|S|	ˈɑː	2.7
ˈeː	<|S|#	ˈɑ	0.445
ˈeː	<|S|#	ˈɑː	2.408
ˈeː	<|S|#	-	3.7
ˈeː	<|S|>	-	1.146
ˈeː	<|S|>	ˈɑ	1.266
ˈeː	<|S|>	ˈɑː	2.919
ˈeː	<|S|>_R	ˈɑ	0.642
ˈeː	<|S|>_R	ˈɑː	1.749
ˈeː	<|S|>_R	-	4.022
ˈeː	<|S|R	ˈɑ	0.656
ˈeː	<|S|R	ˈɑː	1.794
ˈeː	<|S|R	-	3.7
ˈeː	F_<|S|	ˈɑ	0.177
ˈeː	F_<|S|	-	3.7
ˈeː	F_<|S|	ˈɑː	4.7
ˈeː	F_<|S|>	ˈɑ	0.14
ˈeː	F_<|S|>	-	4.022
ˈeː	F_<|S|>	ˈɑː	5.022
ˈeː	F_<|S|>_R	ˈɑ	0.115
ˈeː	F_<|S|>_R	-	4.285
ˈeː	F_<|S|R	ˈɑ	0.14
ˈeː	F_<|S|R	-	4.022
ˈeː	F_<|S|R	ˈɑː	5.022
ˈeː	F|S|	ˈɑ	0.241
ˈeː	F|S|	-	3.285
ˈeː	F|S|	ˈɑː	4.285
ˈeː	F|S|>	ˈɑ	0.177
ˈeː	F|S|>	-	3.7
ˈeː	F|S|>	ˈɑː	4.7
ˈeː	F|S|>_R	ˈɑ	0.14
ˈeː	F|S|>_R	-	4.022
ˈeː	F|S|>_R	ˈɑː	5.022
ˈeː	F|S|R	ˈɑ	0.177
ˈeː	F|S|R	-	3.7
ˈeː	F|S|R	ˈɑː	4.7
ˈeː	|S|#	ˈɑ	0.488
ˈeː	|S|#	ˈɑː	2.437
ˈeː	|S|#	-	3.285
ˈeː	|S|>	-	1.198
ˈeː	|S|>	ˈɑ	1.219
ˈeː	|S|>	ˈɑː	2.893
ˈeː	|S|>_R	ˈɑ	0.656
ˈeː	|S|>_R	ˈɑː	1.794
ˈeː	|S|>_R	-	3.7
ˈeː	|S|R	ˈɑ	0.681
ˈeː	|S|R	ˈɑː	1.87
ˈeː	|S|R	-	3.285
ˈeː_r	#|S|	ˈɑ_r	0.0
ˈeː_r	#|S|>	ˈɑ_r	0.0
ˈeː_r	#|S|>_N	ˈɑ_r	0.0
ˈeː_r	#|S|N	ˈɑ_r	0.0
ˈeː_r	<|S|	ˈɑ_r	0.363
ˈeː_r	<|S|#	ˈɑ_r	2.0
ˈeː_r	<|S|>	ˈɑ_r	0.0
ˈeː_r	<|S|>_N	ˈɑ_r	0.0
ˈeː_r	<|S|N	ˈɑ_r	0.0
ˈeː_r	|S|#	ˈɑ_r	1.585
ˈeː_r	|S|>	ˈɑ_r	0.0
ˈeː_r	|S|>_N	ˈɑ_r	0.0
ˈeː_r	|S|N	ˈɑ_r	0.0
ˈi	#|S|	ˈɑː	0.465
ˈi	#|S|	ˈyə̯	3.787
ˈi	#|S|	-	4.109
ˈi	#|S|	ˈiə̯	4.109
ˈi	#|S|	ˈou̯	4.524
ˈi	#|S|>	ˈɑː	0.334
ˈi	#|S|>	ˈyə̯	4.202
ˈi	#|S|>	-	4.524
ˈi	#|S|>	ˈiə̯	4.524
ˈi	#|S|>	ˈou̯	4.939
ˈi	<|S|	ˈyə̯	2.242
ˈi	<|S|	-	2.564
ˈi	<|S|	ˈiə̯	2.564
ˈi	<|S|	ˈɑː	2.823
ˈi	<|S|	ˈou̯	2.979
ˈi	<|S|	ˈoː	3.564
ˈi	<|S|	ou̯	4.564
ˈi	<|S|#	ˈyə̯	4.202
ˈi	<|S|#	-	4.524
ˈi	<|S|#	ˈiə̯	4.524
ˈi	<|S|#	ˈɑː	4.524
ˈi	<|S|#	ˈou̯	4.939
ˈi	<|S|>	ˈyə̯	2.202
ˈi	<|S|>	-	2.524
ˈi	<|S|>	ˈiə̯	2.524
ˈi	<|S|>	ˈɑː	2.823
ˈi	<|S|>	ˈou̯	2.939
ˈi	<|S|>	ˈoː	3.524
ˈi	<|S|>	ou̯	4.524
ˈi	<|S|>_N	ˈyə̯	1.689
ˈi	<|S|>_N	-	1.73
ˈi	<|S|>_N	ˈiə̯	4.845
ˈi	<|S|>_N	ˈɑː	4.845
ˈi	<|S|N	ˈyə̯	1.716
ˈi	<|S|N	-	1.769
ˈi	<|S|N	ˈiə̯	4.524
ˈi	<|S|N	ˈɑː	4.524
ˈi	<|S|N	ˈou̯	4.939
ˈi	|S|#	ˈyə̯	3.787
ˈi	|S|#	-	4.109
ˈi	|S|#	ˈiə̯	4.109
ˈi	|S|#	ˈɑː	4.109
ˈi	|S|#	ˈou̯	4.524
ˈi	|S|>	ˈyə̯	2.242
ˈi	|S|>	-	2.564
ˈi	|S|>	ˈiə̯	2.564
ˈi	|S|>	ˈɑː	2.564
ˈi	|S|>	ˈou̯	2.979
ˈi	|S|>	ˈoː	3.564
ˈi	|S|>	ou̯	4.564
ˈi	|S|>_N	ˈyə̯	1.716
ˈi	|S|>_N	-	1.769
ˈi	|S|>_N	ˈiə̯	4.524
ˈi	|S|>_N	ˈɑː	4.524
ˈi	|S|>_N	ˈou̯	4.939
ˈi	|S|N	ˈyə̯	1.763
ˈi	|S|N	-	1.836
ˈi	|S|N	ˈiə̯	4.109
ˈi	|S|N	ˈɑː	4.109
ˈi	|S|N	ˈou̯	4.524
ˈiː	<|S|	ˈiə̯	1.848
ˈiː	<|S|	ˈiə̯_ɡ	2.263
ˈiː	<|S|	ə	2.848
ˈiː	<|S|	ˈi_r	2.848
ˈiː	<|S|	ɑː	3.848
ˈiː	<|S|#	ˈiə̯_ɡ	1.905
ˈiː	<|S|#	ə	2.49
ˈiː	<|S|#	ˈi_r	2.49
ˈiː	<|S|#	ˈiə̯	2.722
ˈiː	<|S|>	ˈiə̯	0.907
ˈiː	<|S|>	ɑː	2.549
ˈiː	<|S|>	ˈiə̯_ɡ	4.0
ˈiː	<|S|>	ə	4.585
ˈiː	<|S|>	ˈi_r	4.585
ˈiː	<|S|>_R	ˈiə̯	1.1
ˈiː	<|S|>_R	ɑː	2.206
ˈiː	<|S|>_R	ˈiə̯_ɡ	4.322
ˈiː	<|S|>_R	ə	4.907
ˈiː	<|S|>_R	ˈi_r	4.907
ˈiː	<|S|R	ˈiə̯	1.126
ˈiː	<|S|R	ɑː	2.263
ˈiː	<|S|R	ˈiə̯_ɡ	4.0
ˈiː	<|S|R	ə	4.585
ˈiː	<|S|R	ˈi_r	4.585
ˈiː	F_<|S|	ˈi_r	0.337
ˈiː	F_<|S|	ˈiə̯	3.585
ˈiː	F_<|S|	ˈiə̯_ɡ	4.0
ˈiː	F_<|S|	ə	4.585
ˈiː	F_<|S|#	ˈi_r	0.263
ˈiː	F_<|S|#	ˈiə̯	3.907
ˈiː	F_<|S|#	ˈiə̯_ɡ	4.322
ˈiː	F_<|S|#	ə	4.907
ˈiː	F|S|	ˈi_r	0.469
ˈiː	F|S|	ˈiə̯	3.17
ˈiː	F|S|	ˈiə̯_ɡ	3.585
ˈiː	F|S|	ə	4.17
ˈiː	F|S|#	ˈi_r	0.337
ˈiː	F|S|#	ˈiə̯	3.585
ˈiː	F|S|#	ˈiə̯_ɡ	4.0
ˈiː	F|S|#	ə	4.585
ˈiː	|S|#	ˈiə̯_ɡ	1.915
ˈiː	|S|#	ə	2.5
ˈiː	|S|#	ˈi_r	2.5
ˈiː	|S|#	ˈiə̯	2.542
ˈiː	|S|>	ˈiə̯	0.968
ˈiː	|S|>	ɑː	2.634
ˈiː	|S|>	ˈiə̯_ɡ	3.585
ˈiː	|S|>	ə	4.17
ˈiː	|S|>	ˈi_r	4.17
ˈiː	|S|>_R	ˈiə̯	1.126
ˈiː	|S|>_R	ɑː	2.263
ˈiː	|S|>_R	ˈiə̯_ɡ	4.0
ˈiː	|S|>_R	ə	4.585
ˈiː	|S|>_R	ˈi_r	4.585
ˈiː	|S|R	ˈiə̯	1.17
ˈiː	|S|R	ɑː	2.363
ˈiː	|S|R	ˈiə̯_ɡ	3.585
ˈiː	|S|R	ə	4.17
ˈiː	|S|R	ˈi_r	4.17
ˈiː_r	#|S|	r_ə	0.0
ˈiː_r	#|S|#	r_ə	0.0
ˈiː_r	<|S|	r_ə	0.363
ˈiː_r	<|S|#	r_ə	0.415
ˈiː_r	F_<|S|	r_ə	2.0
ˈiː_r	F_<|S|#	r_ə	2.322
ˈiː_r	F|S|	r_ə	1.585
ˈiː_r	F|S|#	r_ə	2.0
ˈiː_r	|S|#	r_ə	0.263
ˈo	<|S|	ˈo	0.29
ˈo	<|S|	-	2.459
ˈo	<|S|>	ˈo	0.29
ˈo	<|S|>	-	2.459
ˈo	<|S|>_R	ˈo	0.268
ˈo	<|S|>_R	-	2.559
ˈo	<|S|R	ˈo	0.27
ˈo	<|S|R	-	2.553
ˈo	|S|>	ˈo	0.29
ˈo	|S|>	-	2.459
ˈo	|S|>_R	ˈo	0.27
ˈo	|S|>_R	-	2.553
ˈo	|S|R	ˈo	0.272
ˈo	|S|R	-	2.542
ˈoː	<|S|	-	0.0
ˈoː	<|S|>	-	0.0
ˈoː	<|S|>_R	-	0.0
ˈoː	<|S|R	-	0.0
ˈoː	|S|>	-	0.0
ˈoː	|S|>_R	-	0.0
ˈoː	|S|R	-	0.0
ˈu	#|S|	ˈuː	0.848
ˈu	#|S|	-	1.17
ˈu	#|S|>	ˈuː	0.885
ˈu	#|S|>	-	1.126
ˈu	<|S|	ˈuː	0.538
ˈu	<|S|	-	1.684
ˈu	<|S|>	ˈuː	0.532
ˈu	<|S|>	-	1.697
ˈu	<|S|>_N	ˈuː	0.907
ˈu	<|S|>_N	-	1.1
ˈu	<|S|N	ˈuː	0.885
ˈu	<|S|N	-	1.126
ˈu	|S|>	ˈuː	0.585
ˈu	|S|>	-	1.585
ˈu	|S|>_N	ˈuː	0.885
ˈu	|S|>_N	-	1.126
ˈu	|S|N	ˈuː	0.848
ˈu	|S|N	-	1.17
ˈu_m	<|S|	mː	0.0
ˈu_m	<|S|#	mː	0.0
ˈu_m	|S|#	mː	0.0
ˈuː	<|S|	ˈuː	0.305
ˈuː	<|S|#	ˈuː	0.415
ˈuː	<|S|>	ˈuː	0.0
ˈuː	|S|#	ˈuː	0.363
ˈuː	|S|>	ˈuː	0.0
ˈø	<|S|	ˈuə̯	0.848
ˈø	<|S|	-	2.17
ˈø	<|S|	ˈɑ_n	2.17
ˈø	<|S|>	ˈuə̯	0.848
ˈø	<|S|>	-	2.17
ˈø	<|S|>	ˈɑ_n	2.17
ˈø	<|S|>_N	ˈuə̯	0.968
ˈø	<|S|>_N	-	1.17
ˈø	<|S|>_N	ˈɑ_n	4.492
ˈø	<|S|N	ˈuə̯	0.96
ˈø	<|S|N	-	1.216
ˈø	<|S|N	ˈɑ_n	4.17
ˈø	|S|>	ˈuə̯	0.848
ˈø	|S|>	-	2.17
ˈø	|S|>	ˈɑ_n	2.17
ˈø	|S|>_N	ˈuə̯	0.96
ˈø	|S|>_N	-	1.216
ˈø	|S|>_N	ˈɑ_n	4.17
ˈø	|S|N	ˈuə̯	0.948
ˈø	|S|N	-	1.295
ˈø	|S|N	ˈɑ_n	3.755
ˈɑː	#|S|	ˈɑ	0.183
ˈɑː	#|S|	ˈɑ_l	3.807
ˈɑː	#|S|	ˈeː	4.392
ˈɑː	#|S|#	ˈɑ	0.135
ˈɑː	#|S|#	ˈɑ_l	4.222
ˈɑː	#|S|#	ˈeː	4.807
ˈɑː	#|S|>	ˈɑ	0.135
ˈɑː	#|S|>	ˈɑ_l	4.222
ˈɑː	#|S|>	ˈeː	4.807
ˈɑː	<|S|	ˈɑ	0.803
ˈɑː	<|S|	ˈɑ_l	2.15
ˈɑː	<|S|	ˈeː	2.735
ˈɑː	<|S|#	ˈeː	1.284
ˈɑː	<|S|#	ˈɑ	2.637
ˈɑː	<|S|#	ˈɑ_l	4.222
ˈɑː	<|S|>	ˈɑ	0.648
ˈɑː	<|S|>	ˈɑ_l	1.954
ˈɑː	<|S|>	ˈeː	3.267
ˈɑː	<|S|>_N	ˈɑ	0.107
ˈɑː	<|S|>_N	ˈɑ_l	4.544
ˈɑː	<|S|N	ˈɑ	0.135
ˈɑː	<|S|N	ˈɑ_l	4.222
ˈɑː	<|S|N	ˈeː	4.807
ˈɑː	|S|#	ˈɑ	1.196
ˈɑː	|S|#	ˈeː	1.89
ˈɑː	|S|#	ˈɑ_l	3.807
ˈɑː	|S|>	ˈɑ	0.602
ˈɑː	|S|>	ˈɑ_l	2.07
ˈɑː	|S|>	ˈeː	3.277
ˈɑː	|S|>_N	ˈɑ	0.135
ˈɑː	|S|>_N	ˈɑ_l	4.222
ˈɑː	|S|>_N	ˈeː	4.807
ˈɑː	|S|N	ˈɑ	0.183
ˈɑː	|S|N	ˈɑ_l	3.807
ˈɑː	|S|N	ˈeː	4.392
ˈɔɪ̯	<|S|	ˈɛ_r	0.0
ˈɔɪ̯	<|S|>	ˈɛ_r	0.0
ˈɔɪ̯	|S|>	ˈɛ_r	0.0
ˈəi̯	#|S|	ˈiː	0.183
ˈəi̯	#|S|	ˈyː	3.807
ˈəi̯	#|S|	-	4.392
ˈəi̯	#|S|>	ˈiː	0.135
ˈəi̯	#|S|>	ˈyː	4.222
ˈəi̯	#|S|>	-	4.807
ˈəi̯	<|S|	ˈiː	0.679
ˈəi̯	<|S|	ˈyː	2.15
ˈəi̯	<|S|	-	2.735
ˈəi̯	<|S|#	-	0.348
ˈəi̯	<|S|#	ˈiː	2.637
ˈəi̯	<|S|#	ˈyː	4.222
ˈəi̯	<|S|=	ˈyː	0.316
ˈəi̯	<|S|=	ˈiː	2.637
ˈəi̯	<|S|=	-	4.807
ˈəi̯	<|S|>	ˈiː	0.502
ˈəi̯	<|S|>	ˈyː	2.396
ˈəi̯	<|S|>	-	3.267
ˈəi̯	<|S|>_N	ˈiː	0.595
ˈəi̯	<|S|>_N	ˈyː	1.692
ˈəi̯	<|S|N	ˈiː	0.598
ˈəi̯	<|S|N	ˈyː	1.72
ˈəi̯	<|S|N	-	4.807
ˈəi̯	|S|#	-	0.485
ˈəi̯	|S|#	ˈiː	2.222
ˈəi̯	|S|#	ˈyː	3.807
ˈəi̯	|S|=	ˈyː	0.438
ˈəi̯	|S|=	ˈiː	2.222
ˈəi̯	|S|=	-	4.392
ˈəi̯	|S|>	ˈiː	0.485
ˈəi̯	|S|>	ˈyː	2.454
ˈəi̯	|S|>	-	3.277
ˈəi̯	|S|>_N	ˈiː	0.598
ˈəi̯	|S|>_N	ˈyː	1.72
ˈəi̯	|S|>_N	-	4.807
ˈəi̯	|S|N	ˈiː	0.602
ˈəi̯	|S|N	ˈyː	1.768
ˈəi̯	|S|N	-	4.392
ˈɛ	#|S|	ˈɑ	0.948
ˈɛ	#|S|	ˈe	1.667
ˈɛ	#|S|	ˈɛ	2.948
ˈɛ	#|S|	ˈei̯	4.755
ˈɛ	#|S|>	ˈɑ	0.848
ˈɛ	#|S|>	ˈe	1.646
ˈɛ	#|S|>	ˈɛ	3.363
ˈɛ	<|S|	ˈɛ	1.182
ˈɛ	<|S|	ˈe	1.887
ˈɛ	<|S|	ˈɑ	2.617
ˈɛ	<|S|	ˈei̯	2.989
ˈɛ	<|S|>	ˈɛ	1.161
ˈɛ	<|S|>	ˈe	1.892
ˈɛ	<|S|>	ˈɑ	2.684
ˈɛ	<|S|>	ˈei̯	2.968
ˈɛ	<|S|>_N	ˈe	0.764
ˈɛ	<|S|>_N	ˈɛ	1.538
ˈɛ	<|S|>_N	ˈɑ	4.492
ˈɛ	<|S|>_R	ˈɛ	1.066
ˈɛ	<|S|>_R	ˈe	1.134
ˈɛ	<|S|>_R	ˈɑ	4.492
ˈɛ	<|S|N	ˈe	0.812
ˈɛ	<|S|N	ˈɛ	1.526
ˈɛ	<|S|N	ˈɑ	4.17
ˈɛ	<|S|R	ˈɛ	1.082
ˈɛ	<|S|R	ˈe	1.17
ˈɛ	<|S|R	ˈɑ	4.17
ˈɛ	F_<|S|	ˈɛ	0.239
ˈɛ	F_<|S|	ˈe	3.848
ˈɛ	F_<|S|	ˈɑ	4.17
ˈɛ	F_<|S|>	ˈɛ	0.188
ˈɛ	F_<|S|>	ˈe	4.17
ˈɛ	F_<|S|>	ˈɑ	4.492
ˈɛ	F|S|	ˈɛ	0.329
ˈɛ	F|S|	ˈe	3.433
ˈɛ	F|S|	ˈɑ	3.755
ˈɛ	F|S|	ˈei̯	4.755
ˈɛ	F|S|>	ˈɛ	0.239
ˈɛ	F|S|>	ˈe	3.848
ˈɛ	F|S|>	ˈɑ	4.17
ˈɛ	|S|>	ˈɛ	1.363
ˈɛ	|S|>	ˈe	1.848
ˈɛ	|S|>	ˈɑ	2.17
ˈɛ	|S|>	ˈei̯	3.17
ˈɛ	|S|>_N	ˈe	0.812
ˈɛ	|S|>_N	ˈɛ	1.526
ˈɛ	|S|>_N	ˈɑ	4.17
ˈɛ	|S|>_R	ˈɛ	1.082
ˈɛ	|S|>_R	ˈe	1.17
ˈɛ	|S|>_R	ˈɑ	4.17
ˈɛ	|S|N	ˈe	0.897
ˈɛ	|S|N	ˈɛ	1.507
ˈɛ	|S|N	ˈɑ	3.755
ˈɛ	|S|N	ˈei̯	4.755
ˈɛ	|S|R	ˈɛ	1.111
ˈɛ	|S|R	ˈe	1.231
ˈɛ	|S|R	ˈɑ	3.755
ˈɛ	|S|R	ˈei̯	4.755
ˈɛː	<|S|	ˈɛ_ɡ	0.0
ˈɛː	<|S|>	ˈɛ_ɡ	0.0
ˈɛː	<|S|>_N	ˈɛ_ɡ	0.0
ˈɛː	<|S|N	ˈɛ_ɡ	0.0
ˈɛː	|S|>	ˈɛ_ɡ	0.0
ˈɛː	|S|>_N	ˈɛ_ɡ	0.0
ˈɛː	|S|N	ˈɛ_ɡ	0.0
ˈɪ	#|S|	ˈi	1.047
ˈɪ	#|S|	ˈɑ	1.485
ˈɪ	#|S|	ˈy	4.977
ˈɪ	#|S|	ˈɛ	4.977
ˈɪ	#|S|>	ˈi	1.035
ˈɪ	#|S|>	ˈɑ	1.348
ˈɪ	#|S|>_N	ˈi	0.167
ˈɪ	#|S|N	ˈi	0.212
ˈɪ	<|S|	ˈi	1.149
ˈɪ	<|S|	ˈy	3.345
ˈɪ	<|S|	ˈɛ	3.345
ˈɪ	<|S|	-	3.76
ˈɪ	<|S|	ˈuə̯	3.76
ˈɪ	<|S|	ˈɑ	4.129
ˈɪ	<|S|	ˈiə̯	4.345
ˈɪ	<|S|	ˈo	4.345
ˈɪ	<|S|	ˈu	4.345
ˈɪ	<|S|>	ˈi	1.15
ˈɪ	<|S|>	ˈy	3.339
ˈɪ	<|S|>	ˈɛ	3.339
ˈɪ	<|S|>	-	3.754
ˈɪ	<|S|>	ˈuə̯	3.754
ˈɪ	<|S|>	ˈɑ	4.175
ˈɪ	<|S|>	ˈiə̯	4.339
ˈɪ	<|S|>	ˈo	4.339
ˈɪ	<|S|>	ˈu	4.339
ˈɪ	<|S|>_N	ˈi	0.425
ˈɪ	<|S|>_N	ˈy	3.446
ˈɪ	<|S|>_N	ˈo	3.604
ˈɪ	<|S|>_R	ˈi	1.784
ˈɪ	<|S|>_R	ˈɛ	2.191
ˈɪ	<|S|>_R	ˈo	2.255
ˈɪ	<|S|>_R	ˈu	2.255
ˈɪ	<|S|N	ˈi	0.461
ˈɪ	<|S|N	ˈy	3.442
ˈɪ	<|S|N	ˈo	3.642
ˈɪ	<|S|R	ˈi	1.734
ˈɪ	<|S|R	ˈɛ	2.243
ˈɪ	<|S|R	ˈo	2.326
ˈɪ	<|S|R	ˈu	2.326
ˈɪ	F_<|S|	ˈɛ	0.37
ˈɪ	F_<|S|	ˈi	3.144
ˈɪ	F_<|S|>	ˈɛ	0.288
ˈɪ	F_<|S|>	ˈi	3.466
ˈɪ	F_<|S|>_R	ˈɛ	0.236
ˈɪ	F_<|S|>_R	ˈi	3.729
ˈɪ	F_<|S|R	ˈɛ	0.288
ˈɪ	F_<|S|R	ˈi	3.466
ˈɪ	F|S|	ˈɛ	0.518
ˈɪ	F|S|	ˈi	2.729
ˈɪ	F|S|	ˈy	4.977
ˈɪ	F|S|>	ˈɛ	0.37
ˈɪ	F|S|>	ˈi	3.144
ˈɪ	F|S|>_R	ˈɛ	0.288
ˈɪ	F|S|>_R	ˈi	3.466
ˈɪ	F|S|R	ˈɛ	0.37
ˈɪ	F|S|R	ˈi	3.144
ˈɪ	|S|>	ˈi	1.144
ˈɪ	|S|>	ˈy	3.392
ˈɪ	|S|>	ˈɛ	3.392
ˈɪ	|S|>	-	3.807
ˈɪ	|S|>	ˈuə̯	3.807
ˈɪ	|S|>	ˈɑ	3.807
ˈɪ	|S|>	ˈiə̯	4.392
ˈɪ	|S|>	ˈo	4.392
ˈɪ	|S|>	ˈu	4.392
ˈɪ	|S|>_N	ˈi	0.438
ˈɪ	|S|>_N	ˈy	3.534
ˈɪ	|S|>_N	ˈo	3.748
ˈɪ	|S|>_R	ˈi	1.734
ˈɪ	|S|>_R	ˈɛ	2.243
ˈɪ	|S|>_R	ˈo	2.326
ˈɪ	|S|>_R	ˈu	2.326
ˈɪ	|S|N	ˈi	0.502
ˈɪ	|S|N	ˈy	3.518
ˈɪ	|S|N	ˈo	3.807
ˈɪ	|S|N	ˈɛ	4.977
ˈɪ	|S|R	ˈi	1.655
ˈɪ	|S|R	ˈɛ	2.333
ˈɪ	|S|R	ˈo	2.454
ˈɪ	|S|R	ˈu	2.454
ˈɪ	|S|R	ˈy	4.977
ˈʌ	#|S|	ˈu	0.675
ˈʌ	#|S|	ˈɛ	3.459
ˈʌ	#|S|	-	4.044
ˈʌ	#|S|>	ˈu	0.652
ˈʌ	#|S|>	ˈɛ	3.874
ˈʌ	#|S|>	-	4.459
ˈʌ	#|S|>_N	ˈu	0.138
ˈʌ	#|S|>_N	ˈɛ	4.196
ˈʌ	#|S|>_N	-	4.781
ˈʌ	#|S|N	ˈu	0.174
ˈʌ	#|S|N	ˈɛ	3.874
ˈʌ	#|S|N	-	4.459
ˈʌ	<|S|	ˈu	1.065
ˈʌ	<|S|	ˈɛ	1.675
ˈʌ	<|S|	-	2.26
ˈʌ	<|S|>	ˈu	1.09
ˈʌ	<|S|>	ˈɛ	1.652
ˈʌ	<|S|>	-	2.237
ˈʌ	<|S|>_N	ˈu	0.821
ˈʌ	<|S|>_N	-	1.916
ˈʌ	<|S|>_N	ˈɛ	2.566
ˈʌ	<|S|>_R	ˈɛ	0.227
ˈʌ	<|S|>_R	ˈu	3.196
ˈʌ	<|S|>_R	-	4.781
ˈʌ	<|S|N	ˈu	0.824
ˈʌ	<|S|N	-	1.945
ˈʌ	<|S|N	ˈɛ	2.512
ˈʌ	<|S|R	ˈɛ	0.29
ˈʌ	<|S|R	ˈu	2.874
ˈʌ	<|S|R	-	4.459
ˈʌ	F_<|S|	ˈu	0.174
ˈʌ	F_<|S|	ˈɛ	3.874
ˈʌ	F_<|S|	-	4.459
ˈʌ	F_<|S|>	ˈu	0.138
ˈʌ	F_<|S|>	ˈɛ	4.196
ˈʌ	F_<|S|>	-	4.781
ˈʌ	F_<|S|>_N	ˈu	0.114
ˈʌ	F_<|S|>_N	ˈɛ	4.459
ˈʌ	F_<|S|>_N	-	5.044
ˈʌ	F_<|S|N	ˈu	0.138
ˈʌ	F_<|S|N	ˈɛ	4.196
ˈʌ	F_<|S|N	-	4.781
ˈʌ	F|S|	ˈu	0.237
ˈʌ	F|S|	ˈɛ	3.459
ˈʌ	F|S|	-	4.044
ˈʌ	F|S|>	ˈu	0.174
ˈʌ	F|S|>	ˈɛ	3.874
ˈʌ	F|S|>	-	4.459
ˈʌ	F|S|>_N	ˈu	0.138
ˈʌ	F|S|>_N	ˈɛ	4.196
ˈʌ	F|S|>_N	-	4.781
ˈʌ	F|S|N	ˈu	0.174
ˈʌ	F|S|N	ˈɛ	3.874
ˈʌ	F|S|N	-	4.459
ˈʌ	|S|>	ˈu	0.957
ˈʌ	|S|>	ˈɛ	1.957
ˈʌ	|S|>	-	2.542
ˈʌ	|S|>_N	ˈu	0.725
ˈʌ	|S|>_N	-	2.102
ˈʌ	|S|>_N	ˈɛ	2.627
ˈʌ	|S|>_R	ˈɛ	0.29
ˈʌ	|S|>_R	ˈu	2.874
ˈʌ	|S|>_R	-	4.459
ˈʌ	|S|N	ˈu	0.741
ˈʌ	|S|N	-	2.138
ˈʌ	|S|N	ˈɛ	2.521
ˈʌ	|S|R	ˈɛ	0.401
ˈʌ	|S|R	ˈu	2.459
ˈʌ	|S|R	-	4.044
ˈʌu̯	#|S|	-	0.263
ˈʌu̯	#|S|	ˈo_l	2.585
ˈʌu̯	#|S|>	-	0.193
ˈʌu̯	#|S|>	ˈo_l	3.0
ˈʌu̯	<|S|	ˈo_l	0.71
ˈʌu̯	<|S|	-	1.363
ˈʌu̯	<|S|>	ˈo_l	0.678
ˈʌu̯	<|S|>	-	1.415
ˈʌu̯	|S|>	-	1.0
ˈʌu̯	|S|>	ˈo_l	1.0
θ	#|S|	d	0.274
θ	#|S|	d̥	3.087
θ	#|S|<	d	0.236
θ	#|S|<	d̥	3.503
θ	#|S|<_F	d	0.106
θ	#|S|<_F	d̥	3.824
θ	#|S|<_R	d	0.106
θ	#|S|<_R	d̥	3.824
θ	#|S|F	d	0.133
θ	#|S|F	d̥	3.503
θ	#|S|R	d	0.133
θ	#|S|R	d̥	3.503
θ	>|S|	d̥	0.537
θ	>|S|	d	2.213
θ	>|S|#	d̥	0.452
θ	>|S|#	d	2.628
θ	F_>|S|	d̥	0.255
θ	F_>|S|	d	2.628
θ	F_>|S|#	d̥	0.2
θ	F_>|S|#	d	2.95
θ	F|S|	d̥	0.35
θ	F|S|	d	2.213
θ	F|S|#	d̥	0.255
θ	F|S|#	d	2.628
θ	|S|#	d̥	0.537
θ	|S|#	d	2.213
θ	|S|<	d	0.274
θ	|S|<	d̥	3.087
θ	|S|<_F	d	0.133
θ	|S|<_F	d̥	3.503
θ	|S|<_R	d	0.133
θ	|S|<_R	d̥	3.503
θ	|S|F	d	0.181
θ	|S|F	d̥	3.087
θ	|S|R	d	0.181
θ	|S|R	d̥	3.087