Phone1	PhonEnv	Phone2	Surprisal
a	#|S|	a	0.585
a	#|S|	e	2.0
a	#|S|	ɔ	3.585
a	#|S|>	a	0.541
a	#|S|>	e	2.0
a	#|S|>	ɔ	4.0
a	#|S|>_R	a	0.152
a	#|S|>_R	e	4.322
a	#|S|>_R	ɔ	4.322
a	#|S|R	a	0.193
a	#|S|R	e	4.0
a	#|S|R	ɔ	4.0
a	<|S|	ɔ	1.263
a	<|S|	a	1.585
a	<|S|	e	2.0
a	<|S|#	ɔ	0.83
a	<|S|#	e	1.678
a	<|S|#	a	3.0
a	<|S|>	a	0.193
a	<|S|>	e	4.0
a	<|S|>	ɔ	4.0
a	F_<|S|	ɔ	0.3
a	F_<|S|	a	3.0
a	F_<|S|	e	4.0
a	F_<|S|#	ɔ	0.234
a	F_<|S|#	a	3.322
a	F_<|S|#	e	4.322
a	F|S|	ɔ	0.415
a	F|S|	a	2.585
a	F|S|	e	3.585
a	F|S|#	ɔ	0.3
a	F|S|#	a	3.0
a	F|S|#	e	4.0
a	|S|#	ɔ	0.922
a	|S|#	e	1.71
a	|S|#	a	2.585
a	|S|>	a	0.515
a	|S|>	e	2.206
a	|S|>	ɔ	3.585
a	|S|>_R	a	0.193
a	|S|>_R	e	4.0
a	|S|>_R	ɔ	4.0
a	|S|R	a	0.263
a	|S|R	e	3.585
a	|S|R	ɔ	3.585
b	#|S|	b	0.33
b	#|S|	β	3.044
b	#|S|<	b	0.295
b	#|S|<	β	3.459
b	#|S|<_F	b	0.109
b	#|S|<_F	β	3.781
b	#|S|F	b	0.138
b	#|S|F	β	3.459
b	>|S|	β	0.611
b	>|S|	b	2.237
b	>|S|#	b	2.652
b	>|S|#	β	3.459
b	>|S|<	β	0.25
b	>|S|<	b	2.652
b	>|S|<_F	β	0.196
b	>|S|<_F	b	2.974
b	>|S|F	β	0.25
b	>|S|F	b	2.652
b	F_>|S|	b	2.652
b	F_>|S|	β	3.459
b	F_>|S|#	b	2.974
b	F_>|S|#	β	3.781
b	F|S|	b	2.237
b	F|S|	β	3.044
b	F|S|#	b	2.652
b	F|S|#	β	3.459
b	|S|#	b	2.237
b	|S|#	β	3.044
b	|S|<	b	0.735
b	|S|<	β	1.542
b	|S|<_F	b	0.905
b	|S|<_F	β	1.102
b	|S|F	b	0.874
b	|S|F	β	1.138
d	#|S|	-	1.907
d	#|S|	ʤ	3.907
d	#|S|<	-	2.322
d	#|S|<	ʤ	4.322
d	#|S|<_F	-	2.644
d	#|S|<_F	ʤ	4.644
d	#|S|<_R	-	2.644
d	#|S|<_R	ʤ	4.644
d	#|S|F	-	2.322
d	#|S|F	ʤ	4.322
d	#|S|R	-	2.322
d	#|S|R	ʤ	4.322
d	>|S|	-	0.492
d	>|S|	ʤ	2.492
d	>|S|#	-	0.074
d	>|S|#	ʤ	4.322
d	>|S|<	-	0.621
d	>|S|<	ʤ	2.322
d	>|S|<_F	-	0.528
d	>|S|<_F	ʤ	1.705
d	>|S|F	-	0.515
d	>|S|F	ʤ	1.737
d	F_>|S|	-	0.074
d	F_>|S|	ʤ	4.322
d	F_>|S|<	-	0.059
d	F_>|S|<	ʤ	4.644
d	F_>|S|<_F	-	0.049
d	F_>|S|<_F	ʤ	4.907
d	F_>|S|F	-	0.059
d	F_>|S|F	ʤ	4.644
d	F|S|	-	0.1
d	F|S|	ʤ	3.907
d	F|S|<	-	0.074
d	F|S|<	ʤ	4.322
d	F|S|<_F	-	0.059
d	F|S|<_F	ʤ	4.644
d	F|S|F	-	0.074
d	F|S|F	ʤ	4.322
d	|S|#	-	0.1
d	|S|#	ʤ	3.907
d	|S|<	-	1.206
d	|S|<	ʤ	3.032
d	|S|<_F	-	1.0
d	|S|<_F	ʤ	2.322
d	|S|<_R	-	2.322
d	|S|<_R	ʤ	4.322
d	|S|F	-	0.907
d	|S|F	ʤ	2.322
d	|S|R	-	1.907
d	|S|R	ʤ	3.907
e	<|S|	-	1.077
e	<|S|	e	2.01
e	<|S|	ɔ	3.47
e	<|S|	i	3.885
e	<|S|	a	4.47
e	<|S|	ˈe	4.47
e	<|S|#	-	0.907
e	<|S|#	e	2.435
e	<|S|#	ɔ	3.059
e	<|S|#	i	3.925
e	<|S|#	a	4.803
e	<|S|>	e	1.376
e	<|S|>	-	1.572
e	<|S|>	ˈe	3.074
e	<|S|>	i	3.816
e	<|S|>	a	3.939
e	<|S|>_N	ˈe	1.289
e	<|S|>_N	-	1.748
e	<|S|>_N	a	2.256
e	<|S|>_N	e	4.289
e	<|S|>_R	e	0.859
e	<|S|>_R	-	1.33
e	<|S|N	ˈe	1.371
e	<|S|N	-	1.692
e	<|S|N	a	2.328
e	<|S|N	e	3.967
e	<|S|R	e	0.909
e	<|S|R	-	1.31
e	F_<|S|	ɔ	1.328
e	F_<|S|	-	1.426
e	F_<|S|	e	3.967
e	F_<|S|#	ɔ	1.004
e	F_<|S|#	-	1.956
e	F_<|S|#	e	4.289
e	F_<|S|>	-	0.156
e	F_<|S|>	e	4.289
e	F_<|S|>_R	-	0.129
e	F_<|S|>_R	e	4.552
e	F_<|S|R	-	0.156
e	F_<|S|R	e	4.289
e	F|S|	-	1.377
e	F|S|	ɔ	1.457
e	F|S|	e	3.552
e	F|S|#	ɔ	1.079
e	F|S|#	-	1.878
e	F|S|#	e	3.967
e	F|S|>	-	0.197
e	F|S|>	e	3.967
e	F|S|>_R	-	0.156
e	F|S|>_R	e	4.289
e	F|S|R	-	0.197
e	F|S|R	e	3.967
e	|S|#	-	0.92
e	|S|#	e	2.375
e	|S|#	ɔ	3.095
e	|S|#	i	3.916
e	|S|#	a	4.756
e	|S|>	e	1.431
e	|S|>	-	1.501
e	|S|>	ˈe	3.175
e	|S|>	i	3.819
e	|S|>	a	3.986
e	|S|>_N	ˈe	1.371
e	|S|>_N	-	1.692
e	|S|>_N	a	2.328
e	|S|>_N	e	3.967
e	|S|>_R	e	0.909
e	|S|>_R	-	1.31
e	|S|N	ˈe	1.519
e	|S|N	-	1.602
e	|S|N	a	2.457
e	|S|N	e	3.552
e	|S|R	e	0.994
e	|S|R	-	1.277
e_d	<|S|	ˈe_ð	0.363
e_d	<|S|<	ˈe_ð	0.415
e_d	<|S|<_F	ˈe_ð	0.447
e_d	<|S|F	ˈe_ð	0.415
e_d	|S|<	ˈe_ð	0.363
e_d	|S|<_F	ˈe_ð	0.415
e_d	|S|F	ˈe_ð	0.363
e̯ˈa	<|S|	ˈe	0.907
e̯ˈa	<|S|	-	1.492
e̯ˈa	<|S|#	ˈe	0.93
e̯ˈa	<|S|#	-	1.074
e̯ˈa	<|S|>	ˈe	0.93
e̯ˈa	<|S|>	-	1.798
e̯ˈa	<|S|>_R	ˈe	0.12
e̯ˈa	<|S|>_R	-	3.644
e̯ˈa	<|S|R	ˈe	0.152
e̯ˈa	<|S|R	-	3.322
e̯ˈa	|S|#	ˈe	0.907
e̯ˈa	|S|#	-	1.1
e̯ˈa	|S|>	ˈe	0.907
e̯ˈa	|S|>	-	1.737
e̯ˈa	|S|>_R	ˈe	0.152
e̯ˈa	|S|>_R	-	3.322
e̯ˈa	|S|R	ˈe	0.206
e̯ˈa	|S|R	-	2.907
f	#|S|	h	0.0
f	#|S|<	h	0.0
f	#|S|<_F	h	0.0
f	#|S|<_R	h	0.0
f	#|S|F	h	0.0
f	#|S|R	h	0.0
f	|S|<	h	0.0
f	|S|<_F	h	0.0
f	|S|<_R	h	0.0
f	|S|F	h	0.0
f	|S|R	h	0.0
f_e	>|S|	f	0.0
f_e	>|S|>	f	0.0
f_e	>|S|>_R	f	0.0
f_e	>|S|R	f	0.0
f_e	|S|>	f	0.0
f_e	|S|>_R	f	0.0
f_e	|S|R	f	0.0
f_r	#|S|	b	0.0
f_r	#|S|<	b	0.0
f_r	|S|<	b	0.0
i	#|S|	e	1.585
i	#|S|>	e	2.0
i	#|S|>_N	e	2.322
i	#|S|N	e	2.0
i	<|S|	e	0.0
i	<|S|>	e	0.0
i	<|S|>_N	e	0.0
i	<|S|>_R	e	0.0
i	<|S|N	e	0.0
i	<|S|R	e	0.0
i	|S|>	e	0.206
i	|S|>_N	e	0.678
i	|S|>_R	e	0.0
i	|S|N	e	0.585
i	|S|R	e	0.0
j	#|S|	-	3.35
j	#|S|	ʎ	3.672
j	#|S|	j	4.087
j	#|S|	ˈɛ	4.087
j	#|S|	w_t	4.672
j	#|S|<	-	3.766
j	#|S|<	ʎ	4.087
j	#|S|<	j	4.503
j	#|S|<	ˈɛ	4.503
j	#|S|<_F	-	4.087
j	#|S|<_F	ʎ	4.409
j	#|S|<_F	j	4.824
j	#|S|<_F	ˈɛ	4.824
j	#|S|F	-	3.766
j	#|S|F	ʎ	4.087
j	#|S|F	j	4.503
j	#|S|F	ˈɛ	4.503
j	<|S|	ˈɛ	1.537
j	<|S|	-	1.793
j	<|S|	j	2.004
j	<|S|	ʎ	3.672
j	<|S|	w_t	4.672
j	<|S|<	ˈɛ	1.452
j	<|S|<	-	1.797
j	<|S|<	j	1.952
j	<|S|<	ʎ	4.087
j	<|S|<_F	ˈɛ	1.2
j	<|S|<_F	j	1.728
j	<|S|<_F	-	2.38
j	<|S|<_F	ʎ	4.409
j	<|S|F	ˈɛ	1.255
j	<|S|F	j	1.766
j	<|S|F	-	2.333
j	<|S|F	ʎ	4.087
j	>|S|	ʎ	1.64
j	>|S|	-	1.837
j	>|S|	w_t	2.64
j	>|S|	j	3.066
j	>|S|	ˈɛ	4.087
j	>|S|#	w_t	1.306
j	>|S|#	-	1.938
j	>|S|#	ʎ	2.021
j	>|S|#	j	4.503
j	>|S|#	ˈɛ	4.503
j	>|S|<	ʎ	0.687
j	>|S|<	-	3.766
j	>|S|<	j	4.503
j	>|S|<	ˈɛ	4.503
j	>|S|<_F	ʎ	0.628
j	>|S|<_F	-	4.087
j	>|S|<_F	j	4.824
j	>|S|<_F	ˈɛ	4.824
j	>|S|>	-	0.802
j	>|S|>	j	1.766
j	>|S|>	ʎ	4.087
j	>|S|>	ˈɛ	4.503
j	>|S|>_N	-	0.22
j	>|S|>_N	ʎ	4.409
j	>|S|>_N	j	4.824
j	>|S|>_N	ˈɛ	4.824
j	>|S|F	ʎ	0.687
j	>|S|F	-	3.766
j	>|S|F	j	4.503
j	>|S|F	ˈɛ	4.503
j	>|S|N	-	0.28
j	>|S|N	ʎ	4.087
j	>|S|N	j	4.503
j	>|S|N	ˈɛ	4.503
j	F_>|S|	-	1.157
j	F_>|S|	ʎ	1.205
j	F_>|S|	j	4.503
j	F_>|S|	ˈɛ	4.503
j	F_>|S|#	-	1.124
j	F_>|S|#	ʎ	1.161
j	F_>|S|#	j	4.824
j	F_>|S|#	ˈɛ	4.824
j	F|S|	-	1.213
j	F|S|	ʎ	1.28
j	F|S|	j	4.087
j	F|S|	ˈɛ	4.087
j	F|S|	w_t	4.672
j	F|S|#	-	1.157
j	F|S|#	ʎ	1.205
j	F|S|#	j	4.503
j	F|S|#	ˈɛ	4.503
j	|S|#	w_t	1.424
j	|S|#	-	1.918
j	|S|#	ʎ	2.029
j	|S|#	j	4.087
j	|S|#	ˈɛ	4.087
j	|S|<	ʎ	2.029
j	|S|<	ˈɛ	2.149
j	|S|<	-	2.257
j	|S|<	j	2.557
j	|S|<	w_t	4.672
j	|S|<_F	ʎ	1.925
j	|S|<_F	ˈɛ	2.008
j	|S|<_F	j	2.47
j	|S|<_F	-	2.819
j	|S|>	-	0.882
j	|S|>	j	1.831
j	|S|>	ʎ	3.672
j	|S|>	ˈɛ	4.087
j	|S|>	w_t	4.672
j	|S|>_N	-	0.28
j	|S|>_N	ʎ	4.087
j	|S|>_N	j	4.503
j	|S|>_N	ˈɛ	4.503
j	|S|F	ʎ	1.942
j	|S|F	ˈɛ	2.055
j	|S|F	j	2.474
j	|S|F	-	2.656
j	|S|F	w_t	4.672
j	|S|N	-	0.387
j	|S|N	ʎ	3.672
j	|S|N	j	4.087
j	|S|N	ˈɛ	4.087
j	|S|N	w_t	4.672
j_e	<|S|	ɔ	0.0
j_e	<|S|#	ɔ	0.0
j_e	>|S|	ɔ	0.0
j_e	>|S|#	ɔ	0.0
j_e	|S|#	ɔ	0.0
j_ˈa	#|S|	ˈɛ	0.0
j_ˈa	#|S|>	ˈɛ	0.0
j_ˈa	#|S|>_R	ˈɛ	0.0
j_ˈa	#|S|R	ˈɛ	0.0
j_ˈa	|S|>	ˈɛ	0.0
j_ˈa	|S|>_R	ˈɛ	0.0
j_ˈa	|S|R	ˈɛ	0.0
j_ˈe	#|S|	ˈɛ	0.0
j_ˈe	#|S|>	ˈɛ	0.0
j_ˈe	<|S|	ˈɛ	0.0
j_ˈe	<|S|>	ˈɛ	0.0
j_ˈe	<|S|>_R	ˈɛ	0.0
j_ˈe	<|S|R	ˈɛ	0.0
j_ˈe	|S|>	ˈɛ	0.0
j_ˈe	|S|>_R	ˈɛ	0.0
j_ˈe	|S|R	ˈɛ	0.0
k	#|S|	k	0.242
k	#|S|	k_a	3.398
k	#|S|<	k	0.244
k	#|S|<	k_a	3.359
k	#|S|<_F	k	0.431
k	#|S|<_F	k_a	2.953
k	#|S|F	k	0.418
k	#|S|F	k_a	2.992
k	>|S|	k	0.982
k	>|S|	ɣ	3.503
k	>|S|#	k	2.231
k	>|S|<	k	0.535
k	>|S|<	ɣ	2.691
k	>|S|<_F	k	1.433
k	>|S|<_F	ɣ	2.219
k	>|S|<_R	ɣ	0.295
k	>|S|<_R	k	2.553
k	>|S|F	k	1.32
k	>|S|F	ɣ	2.279
k	>|S|R	ɣ	0.38
k	>|S|R	k	2.231
k	F_>|S|	k	1.042
k	F_>|S|	ɣ	3.528
k	F_>|S|#	k	2.553
k	F_>|S|<	k	0.507
k	F_>|S|<	ɣ	2.755
k	F_>|S|<_F	k	2.816
k	F_>|S|<_R	ɣ	0.242
k	F_>|S|<_R	k	2.816
k	F_>|S|F	k	2.553
k	F_>|S|R	ɣ	0.295
k	F_>|S|R	k	2.553
k	F|S|	k	0.926
k	F|S|	ɣ	3.551
k	F|S|#	k	2.231
k	F|S|<	k	0.488
k	F|S|<	ɣ	2.801
k	F|S|<_F	k	2.553
k	F|S|<_R	ɣ	0.295
k	F|S|<_R	k	2.553
k	F|S|F	k	2.231
k	F|S|R	ɣ	0.38
k	F|S|R	k	2.231
k	|S|#	k	1.816
k	|S|<	k	0.331
k	|S|<	k_a	3.854
k	|S|<	ɣ	3.854
k	|S|<_F	k	0.685
k	|S|<_F	k_a	3.528
k	|S|<_F	ɣ	3.528
k	|S|<_R	ɣ	0.38
k	|S|<_R	k	2.231
k	|S|F	k	0.627
k	|S|F	k_a	3.551
k	|S|F	ɣ	3.551
k	|S|R	ɣ	0.532
k	|S|R	k	1.816
k_r	#|S|	k_ɾ	0.0
k_r	#|S|<	k_ɾ	0.0
k_r	#|S|<_F	k_ɾ	0.0
k_r	#|S|F	k_ɾ	0.0
k_r	>|S|	k_ɾ	0.0
k_r	>|S|<	k_ɾ	0.0
k_r	>|S|<_F	k_ɾ	0.0
k_r	>|S|F	k_ɾ	0.0
k_r	|S|<	k_ɾ	0.0
k_r	|S|<_F	k_ɾ	0.0
k_r	|S|F	k_ɾ	0.0
kʲ	>|S|	ʎ	1.0
kʲ	>|S|	ˈe_ʎ	1.0
kʲ	>|S|#	ʎ	1.0
kʲ	>|S|#	ˈe_ʎ	1.0
kʲ	F_>|S|	ʎ	0.193
kʲ	F_>|S|	ˈe_ʎ	3.0
kʲ	F_>|S|#	ʎ	0.152
kʲ	F_>|S|#	ˈe_ʎ	3.322
kʲ	F|S|	ʎ	0.263
kʲ	F|S|	ˈe_ʎ	2.585
kʲ	F|S|#	ʎ	0.193
kʲ	F|S|#	ˈe_ʎ	3.0
kʲ	|S|#	ʎ	1.0
kʲ	|S|#	ˈe_ʎ	1.0
l	#|S|	l	2.778
l	#|S|	-	4.0
l	#|S|	t	4.0
l	#|S|	w	4.0
l	#|S|<	l	3.193
l	#|S|<	-	4.415
l	#|S|<	t	4.415
l	#|S|<	w	4.415
l	#|S|<_F	l	3.515
l	#|S|<_F	-	4.737
l	#|S|<_F	t	4.737
l	#|S|<_F	w	4.737
l	#|S|F	l	3.193
l	#|S|F	-	4.415
l	#|S|F	t	4.415
l	#|S|F	w	4.415
l	<|S|	l	0.3
l	<|S|	-	4.0
l	<|S|	t	4.0
l	<|S|	w	4.0
l	<|S|<	l	0.219
l	<|S|<	-	4.415
l	<|S|<	t	4.415
l	<|S|<	w	4.415
l	<|S|<_F	l	0.172
l	<|S|<_F	-	4.737
l	<|S|<_F	t	4.737
l	<|S|<_F	w	4.737
l	<|S|F	l	0.219
l	<|S|F	-	4.415
l	<|S|F	t	4.415
l	<|S|F	w	4.415
l	>|S|	-	1.93
l	>|S|	t	1.93
l	>|S|	w	1.93
l	>|S|	l	2.234
l	>|S|#	t	0.328
l	>|S|#	l	3.193
l	>|S|#	-	4.415
l	>|S|#	w	4.415
l	>|S|<	l	0.219
l	>|S|<	-	4.415
l	>|S|<	t	4.415
l	>|S|<	w	4.415
l	>|S|>	-	1.245
l	>|S|>	w	1.245
l	>|S|>	l	3.193
l	>|S|>	t	4.415
l	F_>|S|	t	1.608
l	F_>|S|	w	1.608
l	F_>|S|	l	2.3
l	F_>|S|	-	2.83
l	F_>|S|#	t	0.256
l	F_>|S|#	l	3.515
l	F_>|S|#	-	4.737
l	F_>|S|#	w	4.737
l	F_>|S|<	l	0.172
l	F_>|S|<	-	4.737
l	F_>|S|<	t	4.737
l	F_>|S|<	w	4.737
l	F_>|S|>	w	0.65
l	F_>|S|>	-	2.074
l	F_>|S|>	l	3.515
l	F_>|S|>	t	4.737
l	F|S|	t	1.678
l	F|S|	w	1.678
l	F|S|	l	2.126
l	F|S|	-	2.778
l	F|S|#	t	0.328
l	F|S|#	l	3.193
l	F|S|#	-	4.415
l	F|S|#	w	4.415
l	F|S|<	l	0.219
l	F|S|<	-	4.415
l	F|S|<	t	4.415
l	F|S|<	w	4.415
l	F|S|>	w	0.715
l	F|S|>	-	2.093
l	F|S|>	l	3.193
l	F|S|>	t	4.415
l	|S|#	t	0.456
l	|S|#	l	2.778
l	|S|#	-	4.0
l	|S|#	w	4.0
l	|S|<	l	1.399
l	|S|<	-	4.0
l	|S|<	t	4.0
l	|S|<	w	4.0
l	|S|<_F	l	1.356
l	|S|<_F	-	4.415
l	|S|<_F	t	4.415
l	|S|<_F	w	4.415
l	|S|>	-	1.337
l	|S|>	w	1.337
l	|S|>	l	2.778
l	|S|>	t	4.0
l	|S|F	l	1.337
l	|S|F	-	4.0
l	|S|F	t	4.0
l	|S|F	w	4.0
m	#|S|	m	0.298
m	#|S|	m_i	3.814
m	#|S|<	m	0.304
m	#|S|<	m_i	3.837
m	#|S|<_F	m	0.436
m	#|S|F	m	0.423
m	>|S|	m	0.358
m	>|S|	-	2.86
m	>|S|	m_i	3.604
m	>|S|#	m	0.773
m	>|S|#	m_i	1.34
m	>|S|<	m	0.207
m	>|S|<	-	3.136
m	>|S|<_F	m	0.047
m	>|S|=	-	0.377
m	>|S|=	m	2.252
m	>|S|=_N	-	0.293
m	>|S|=_N	m	2.573
m	>|S|>	m	0.059
m	>|S|F	m	0.059
m	>|S|N	-	0.377
m	>|S|N	m	2.252
m	F_>|S|	m	0.059
m	F_>|S|<	m	0.047
m	F_>|S|<_F	m	0.039
m	F_>|S|>	m	0.047
m	F_>|S|F	m	0.047
m	F|S|	m	0.079
m	F|S|<	m	0.059
m	F|S|<_F	m	0.047
m	F|S|>	m	0.059
m	F|S|F	m	0.059
m	|S|#	m	0.705
m	|S|#	m_i	1.474
m	|S|<	m	0.268
m	|S|<	-	4.167
m	|S|<	m_i	4.167
m	|S|<_F	m	0.28
m	|S|=	-	0.528
m	|S|=	m	1.837
m	|S|=_N	-	0.377
m	|S|=_N	m	2.252
m	|S|>	m	0.079
m	|S|F	m	0.277
m	|S|N	-	0.528
m	|S|N	m	1.837
m_e	>|S|	m	0.0
m_e	>|S|#	m	0.0
m_e	|S|#	m	0.0
m_n	>|S|	ɲ	0.0
m_n	>|S|#	ɲ	0.0
m_n	F_>|S|	ɲ	0.0
m_n	F_>|S|#	ɲ	0.0
m_n	F|S|	ɲ	0.0
m_n	F|S|#	ɲ	0.0
m_n	|S|#	ɲ	0.0
n	#|S|	n	2.977
n	#|S|	-	3.392
n	#|S|	ŋ	3.655
n	#|S|	ɲ	4.977
n	#|S|<	n	3.392
n	#|S|<	-	3.807
n	#|S|<	ŋ	4.07
n	#|S|<_F	n	3.714
n	#|S|<_F	-	4.129
n	#|S|<_F	ŋ	4.392
n	#|S|F	n	3.392
n	#|S|F	-	3.807
n	#|S|F	ŋ	4.07
n	=|S|	n	0.333
n	=|S|	-	3.392
n	=|S|	ŋ	3.655
n	=|S|	ɲ	4.977
n	=|S|<	n	0.243
n	=|S|<	-	3.807
n	=|S|<	ŋ	4.07
n	>|S|	n	1.738
n	>|S|	-	2.039
n	>|S|	ŋ	2.302
n	>|S|	ɲ	3.624
n	>|S|#	n	3.392
n	>|S|#	-	3.807
n	>|S|#	ŋ	4.07
n	>|S|<	n	1.409
n	>|S|<	-	1.709
n	>|S|<	ŋ	2.321
n	>|S|<	ɲ	3.822
n	>|S|<_F	n	0.564
n	>|S|<_F	ɲ	2.191
n	>|S|<_F	-	4.129
n	>|S|<_F	ŋ	4.392
n	>|S|>	ŋ	1.476
n	>|S|>	n	2.028
n	>|S|>	-	2.175
n	>|S|>	ɲ	2.524
n	>|S|F	n	0.604
n	>|S|F	ɲ	2.243
n	>|S|F	-	3.807
n	>|S|F	ŋ	4.07
n	F_>|S|	-	1.726
n	F_>|S|	n	2.247
n	F_>|S|	ŋ	3.093
n	F_>|S|	ɲ	3.617
n	F_>|S|#	n	3.714
n	F_>|S|#	-	4.129
n	F_>|S|#	ŋ	4.392
n	F_>|S|<	-	1.129
n	F_>|S|<	n	1.856
n	F_>|S|<	ɲ	3.07
n	F_>|S|<	ŋ	4.392
n	F_>|S|<_F	n	0.692
n	F_>|S|<_F	ɲ	1.768
n	F_>|S|<_F	-	4.392
n	F_>|S|<_F	ŋ	4.655
n	F_>|S|>	ŋ	0.239
n	F_>|S|>	n	3.714
n	F_>|S|>	-	4.129
n	F_>|S|F	n	0.714
n	F_>|S|F	ɲ	1.807
n	F_>|S|F	-	4.129
n	F_>|S|F	ŋ	4.392
n	F|S|	-	1.735
n	F|S|	n	2.123
n	F|S|	ŋ	2.936
n	F|S|	ɲ	3.59
n	F|S|#	n	3.392
n	F|S|#	-	3.807
n	F|S|#	ŋ	4.07
n	F|S|<	-	1.163
n	F|S|<	n	1.822
n	F|S|<	ɲ	3.089
n	F|S|<	ŋ	4.07
n	F|S|<_F	n	0.714
n	F|S|<_F	ɲ	1.807
n	F|S|<_F	-	4.129
n	F|S|<_F	ŋ	4.392
n	F|S|>	ŋ	0.305
n	F|S|>	n	3.392
n	F|S|>	-	3.807
n	F|S|F	n	0.748
n	F|S|F	ɲ	1.869
n	F|S|F	-	3.807
n	F|S|F	ŋ	4.07
n	|S|#	n	2.977
n	|S|#	-	3.392
n	|S|#	ŋ	3.655
n	|S|#	ɲ	4.977
n	|S|<	n	1.823
n	|S|<	-	2.277
n	|S|<	ŋ	2.776
n	|S|<	ɲ	4.212
n	|S|<_F	n	1.409
n	|S|<_F	ɲ	3.089
n	|S|<_F	-	3.807
n	|S|<_F	ŋ	4.07
n	|S|>	ŋ	1.531
n	|S|>	n	1.942
n	|S|>	-	2.129
n	|S|>	ɲ	2.599
n	|S|F	n	1.407
n	|S|F	ɲ	3.119
n	|S|F	-	3.392
n	|S|F	ŋ	3.655
n_e	>|S|	ŋ	0.485
n_e	>|S|	n_d	1.807
n_e	>|S|#	ŋ	0.107
n_e	>|S|#	n_d	3.807
n_e	>|S|>	n_d	0.284
n_e	>|S|>	ŋ	2.485
n_e	>|S|>_R	n_d	0.222
n_e	>|S|>_R	ŋ	2.807
n_e	>|S|R	n_d	0.284
n_e	>|S|R	ŋ	2.485
n_e	F_>|S|	ŋ	0.432
n_e	F_>|S|	n_d	1.949
n_e	F_>|S|#	ŋ	0.085
n_e	F_>|S|#	n_d	4.129
n_e	F_>|S|>	n_d	0.222
n_e	F_>|S|>	ŋ	2.807
n_e	F_>|S|>_R	n_d	0.183
n_e	F_>|S|>_R	ŋ	3.07
n_e	F_>|S|R	n_d	0.222
n_e	F_>|S|R	ŋ	2.807
n_e	F|S|	ŋ	0.438
n_e	F|S|	n_d	1.933
n_e	F|S|#	ŋ	0.107
n_e	F|S|#	n_d	3.807
n_e	F|S|>	n_d	0.284
n_e	F|S|>	ŋ	2.485
n_e	F|S|>_R	n_d	0.222
n_e	F|S|>_R	ŋ	2.807
n_e	F|S|R	n_d	0.284
n_e	F|S|R	ŋ	2.485
n_e	|S|#	ŋ	0.144
n_e	|S|#	n_d	3.392
n_e	|S|>	n_d	0.392
n_e	|S|>	ŋ	2.07
n_e	|S|>_R	n_d	0.284
n_e	|S|>_R	ŋ	2.485
n_e	|S|R	n_d	0.392
n_e	|S|R	ŋ	2.07
n_i	>|S|	nː	0.0
n_i	>|S|>	nː	0.0
n_i	>|S|>_N	nː	0.0
n_i	>|S|N	nː	0.0
n_i	F_>|S|	nː	0.0
n_i	F_>|S|>	nː	0.0
n_i	F_>|S|>_N	nː	0.0
n_i	F_>|S|N	nː	0.0
n_i	F|S|	nː	0.0
n_i	F|S|>	nː	0.0
n_i	F|S|>_N	nː	0.0
n_i	F|S|N	nː	0.0
n_i	|S|>	nː	0.0
n_i	|S|>_N	nː	0.0
n_i	|S|N	nː	0.0
nʲ	>|S|	n_s	0.0
nʲ	>|S|#	n_s	0.0
nʲ	|S|#	n_s	0.0
o	<|S|	-	0.0
o	<|S|>	-	0.0
o	<|S|>_R	-	0.0
o	<|S|R	-	0.0
o	|S|>	-	0.0
o	|S|>_R	-	0.0
o	|S|R	-	0.0
o̯ˈa	#|S|	w_ˈe	0.447
o̯ˈa	#|S|	ˈɔ	3.492
o̯ˈa	#|S|	ˈu	3.907
o̯ˈa	#|S|	-	4.492
o̯ˈa	#|S|	w	4.492
o̯ˈa	#|S|>	w_ˈe	0.322
o̯ˈa	#|S|>	ˈɔ	3.907
o̯ˈa	#|S|>	ˈu	4.322
o̯ˈa	#|S|>	-	4.907
o̯ˈa	#|S|>	w	4.907
o̯ˈa	#|S|>_F	w_ˈe	0.252
o̯ˈa	#|S|>_F	ˈɔ	4.229
o̯ˈa	#|S|>_F	ˈu	4.644
o̯ˈa	#|S|F	w_ˈe	0.322
o̯ˈa	#|S|F	ˈɔ	3.907
o̯ˈa	#|S|F	ˈu	4.322
o̯ˈa	#|S|F	-	4.907
o̯ˈa	#|S|F	w	4.907
o̯ˈa	<|S|	ˈɔ	1.907
o̯ˈa	<|S|	ˈu	2.322
o̯ˈa	<|S|	w_ˈe	2.684
o̯ˈa	<|S|	-	2.907
o̯ˈa	<|S|	w	2.907
o̯ˈa	<|S|	ˈo	3.907
o̯ˈa	<|S|>	ˈɔ	1.907
o̯ˈa	<|S|>	ˈu	2.322
o̯ˈa	<|S|>	w_ˈe	2.737
o̯ˈa	<|S|>	-	2.907
o̯ˈa	<|S|>	w	2.907
o̯ˈa	<|S|>	ˈo	3.907
o̯ˈa	<|S|>_F	w_ˈe	1.184
o̯ˈa	<|S|>_F	ˈu	1.184
o̯ˈa	<|S|>_F	ˈɔ	4.229
o̯ˈa	<|S|>_N	-	1.229
o̯ˈa	<|S|>_N	w	1.229
o̯ˈa	<|S|>_N	ˈɔ	4.229
o̯ˈa	<|S|>_N	w_ˈe	4.644
o̯ˈa	<|S|>_N	ˈu	4.644
o̯ˈa	<|S|>_R	ˈɔ	1.141
o̯ˈa	<|S|>_R	ˈu	2.059
o̯ˈa	<|S|>_R	ˈo	2.229
o̯ˈa	<|S|>_R	w_ˈe	4.644
o̯ˈa	<|S|F	w_ˈe	1.234
o̯ˈa	<|S|F	ˈu	1.234
o̯ˈa	<|S|F	ˈɔ	3.907
o̯ˈa	<|S|F	-	4.907
o̯ˈa	<|S|F	w	4.907
o̯ˈa	<|S|N	-	1.292
o̯ˈa	<|S|N	w	1.292
o̯ˈa	<|S|N	ˈɔ	3.907
o̯ˈa	<|S|N	w_ˈe	4.322
o̯ˈa	<|S|N	ˈu	4.322
o̯ˈa	<|S|R	ˈɔ	1.179
o̯ˈa	<|S|R	ˈu	2.074
o̯ˈa	<|S|R	ˈo	2.292
o̯ˈa	<|S|R	w_ˈe	4.322
o̯ˈa	<|S|R	-	4.907
o̯ˈa	<|S|R	w	4.907
o̯ˈa	|S|>	ˈɔ	1.968
o̯ˈa	|S|>	w_ˈe	2.383
o̯ˈa	|S|>	ˈu	2.383
o̯ˈa	|S|>	-	2.968
o̯ˈa	|S|>	w	2.968
o̯ˈa	|S|>	ˈo	3.968
o̯ˈa	|S|>_F	w_ˈe	0.862
o̯ˈa	|S|>_F	ˈu	1.737
o̯ˈa	|S|>_F	ˈɔ	3.907
o̯ˈa	|S|>_F	-	4.907
o̯ˈa	|S|>_F	w	4.907
o̯ˈa	|S|>_N	-	1.292
o̯ˈa	|S|>_N	w	1.292
o̯ˈa	|S|>_N	ˈɔ	3.907
o̯ˈa	|S|>_N	w_ˈe	4.322
o̯ˈa	|S|>_N	ˈu	4.322
o̯ˈa	|S|>_R	ˈɔ	1.179
o̯ˈa	|S|>_R	ˈu	2.074
o̯ˈa	|S|>_R	ˈo	2.292
o̯ˈa	|S|>_R	w_ˈe	4.322
o̯ˈa	|S|>_R	-	4.907
o̯ˈa	|S|>_R	w	4.907
o̯ˈa	|S|F	w_ˈe	0.968
o̯ˈa	|S|F	ˈu	1.791
o̯ˈa	|S|F	ˈɔ	3.492
o̯ˈa	|S|F	-	4.492
o̯ˈa	|S|F	w	4.492
o̯ˈa	|S|N	-	1.404
o̯ˈa	|S|N	w	1.404
o̯ˈa	|S|N	ˈɔ	3.492
o̯ˈa	|S|N	w_ˈe	3.907
o̯ˈa	|S|N	ˈu	3.907
o̯ˈa	|S|R	ˈɔ	1.244
o̯ˈa	|S|R	ˈu	2.1
o̯ˈa	|S|R	ˈo	2.404
o̯ˈa	|S|R	w_ˈe	3.907
o̯ˈa	|S|R	-	4.492
o̯ˈa	|S|R	w	4.492
p	#|S|	p	0.1
p	#|S|	β	4.907
p	#|S|<	p	0.074
p	#|S|<_F	p	0.059
p	#|S|<_R	p	0.059
p	#|S|F	p	0.074
p	#|S|R	p	0.074
p	>|S|	p	0.935
p	>|S|	β	2.418
p	>|S|	-	3.002
p	>|S|	mː	4.002
p	>|S|#	p	0.798
p	>|S|<	p	1.055
p	>|S|<	β	1.707
p	>|S|<	-	2.292
p	>|S|<_F	p	0.059
p	>|S|<_R	β	0.286
p	>|S|<_R	p	2.644
p	>|S|=	mː	0.399
p	>|S|=	p	2.322
p	>|S|F	p	0.074
p	>|S|R	β	0.368
p	>|S|R	p	2.322
p	F_>|S|	β	1.322
p	F_>|S|	p	1.368
p	F_>|S|	-	2.292
p	F_>|S|#	p	0.059
p	F_>|S|<	β	0.854
p	F_>|S|<	-	1.837
p	F_>|S|<	p	2.644
p	F_>|S|<_R	β	0.234
p	F_>|S|<_R	p	2.907
p	F_>|S|R	β	0.286
p	F_>|S|R	p	2.644
p	F|S|	p	1.206
p	F|S|	β	1.447
p	F|S|	-	2.404
p	F|S|#	p	0.074
p	F|S|<	β	0.93
p	F|S|<	-	1.907
p	F|S|<	p	2.322
p	F|S|<_R	β	0.286
p	F|S|<_R	p	2.644
p	F|S|R	β	0.368
p	F|S|R	p	2.322
p	|S|#	p	0.737
p	|S|#	β	4.907
p	|S|<	p	0.304
p	|S|<	β	3.219
p	|S|<	-	3.804
p	|S|<_F	p	0.074
p	|S|<_R	β	0.93
p	|S|<_R	p	1.152
p	|S|=	mː	0.561
p	|S|=	p	1.907
p	|S|=	β	4.907
p	|S|F	p	0.1
p	|S|F	β	4.907
p	|S|R	p	1.032
p	|S|R	β	1.066
p_t	>|S|	j_t	0.263
p_t	>|S|#	j_t	0.678
p_t	>|S|<	j_t	0.0
p_t	>|S|<_F	j_t	0.0
p_t	>|S|F	j_t	0.0
p_t	F_>|S|	j_t	0.678
p_t	F_>|S|#	j_t	2.322
p_t	F_>|S|<	j_t	0.0
p_t	F_>|S|<_F	j_t	0.0
p_t	F_>|S|F	j_t	0.0
p_t	F|S|	j_t	0.585
p_t	F|S|#	j_t	2.0
p_t	F|S|<	j_t	0.0
p_t	F|S|<_F	j_t	0.0
p_t	F|S|F	j_t	0.0
p_t	|S|#	j_t	0.585
p_t	|S|<	j_t	0.0
p_t	|S|<_F	j_t	0.0
p_t	|S|F	j_t	0.0
r	#|S|	r	0.552
r	#|S|	ɾ	2.032
r	#|S|	l	4.907
r	#|S|<	r	0.474
r	#|S|<	ɾ	2.152
r	#|S|<_F	r	0.191
r	#|S|<_F	ɾ	3.644
r	#|S|F	r	0.243
r	#|S|F	ɾ	3.322
r	<|S|	ɾ	0.436
r	<|S|	r	2.417
r	<|S|	l	4.907
r	<|S|<	ɾ	0.355
r	<|S|<	r	2.615
r	<|S|<_F	ɾ	0.184
r	<|S|<_F	r	3.718
r	<|S|F	ɾ	0.234
r	<|S|F	r	3.396
r	>|S|	r	1.542
r	>|S|	ɾ	1.819
r	>|S|	l	3.1
r	>|S|	-	4.421
r	>|S|	w	4.421
r	>|S|	β	4.421
r	>|S|#	l	2.515
r	>|S|#	r	2.556
r	>|S|#	ɾ	3.322
r	>|S|<	ɾ	1.391
r	>|S|<	r	2.085
r	>|S|<	l	2.594
r	>|S|<	w	3.269
r	>|S|<	β	3.269
r	>|S|<_F	ɾ	1.275
r	>|S|<_F	l	2.705
r	>|S|<_F	r	2.809
r	>|S|<_F	w	2.823
r	>|S|<_F	β	2.823
r	>|S|>	r	0.793
r	>|S|>	ɾ	1.939
r	>|S|>	-	3.094
r	>|S|>_N	ɾ	1.059
r	>|S|>_N	r	1.071
r	>|S|F	ɾ	1.278
r	>|S|F	r	2.667
r	>|S|F	l	2.737
r	>|S|F	w	2.889
r	>|S|F	β	2.889
r	>|S|N	ɾ	1.074
r	>|S|N	r	1.089
r	F_>|S|	r	1.295
r	F_>|S|	ɾ	1.964
r	F_>|S|	w	3.786
r	F_>|S|	β	3.786
r	F_>|S|#	r	2.256
r	F_>|S|#	ɾ	3.644
r	F_>|S|<	ɾ	1.431
r	F_>|S|<	r	1.765
r	F_>|S|<	w	2.704
r	F_>|S|<	β	2.704
r	F_>|S|<_F	ɾ	1.399
r	F_>|S|<_F	w	2.218
r	F_>|S|<_F	β	2.218
r	F_>|S|<_F	r	2.578
r	F_>|S|>	r	0.393
r	F_>|S|>	ɾ	2.364
r	F_>|S|>_N	r	0.157
r	F_>|S|>_N	ɾ	3.907
r	F_>|S|F	ɾ	1.396
r	F_>|S|F	w	2.265
r	F_>|S|F	β	2.265
r	F_>|S|F	r	2.506
r	F_>|S|N	r	0.191
r	F_>|S|N	ɾ	3.644
r	F|S|	r	1.306
r	F|S|	ɾ	1.877
r	F|S|	w	3.86
r	F|S|	β	3.86
r	F|S|	l	4.907
r	F|S|#	r	2.184
r	F|S|#	ɾ	3.322
r	F|S|<	ɾ	1.424
r	F|S|<	r	1.739
r	F|S|<	w	2.772
r	F|S|<	β	2.772
r	F|S|<_F	ɾ	1.396
r	F|S|<_F	w	2.265
r	F|S|<_F	β	2.265
r	F|S|<_F	r	2.506
r	F|S|>	r	0.439
r	F|S|>	ɾ	2.271
r	F|S|>_N	r	0.191
r	F|S|>_N	ɾ	3.644
r	F|S|F	ɾ	1.391
r	F|S|F	w	2.34
r	F|S|F	β	2.34
r	F|S|F	r	2.405
r	F|S|N	r	0.243
r	F|S|N	ɾ	3.322
r	|S|#	r	2.371
r	|S|#	l	2.585
r	|S|#	ɾ	2.907
r	|S|<	ɾ	1.069
r	|S|<	r	1.697
r	|S|<	l	3.412
r	|S|<	w	4.218
r	|S|<	β	4.218
r	|S|<_F	ɾ	0.905
r	|S|<_F	r	2.523
r	|S|<_F	l	3.266
r	|S|<_F	w	3.491
r	|S|<_F	β	3.491
r	|S|>	r	0.849
r	|S|>	ɾ	1.856
r	|S|>	-	3.203
r	|S|>	l	4.907
r	|S|>_N	ɾ	1.074
r	|S|>_N	r	1.089
r	|S|F	ɾ	0.945
r	|S|F	r	2.345
r	|S|F	l	3.272
r	|S|F	w	3.582
r	|S|F	β	3.582
r	|S|N	ɾ	1.1
r	|S|N	r	1.12
r	|S|N	l	4.907
r_e	>|S|	e	1.415
r_e	>|S|#	e	1.752
r_e	F_>|S|	e	1.853
r_e	F_>|S|#	e	2.129
r_e	F|S|	e	1.485
r_e	F|S|#	e	1.853
r_e	|S|#	e	1.415
r_n	>|S|	r	0.0
r_n	>|S|#	r	0.0
r_n	>|S|<	r	0.0
r_n	>|S|<_F	r	0.0
r_n	>|S|F	r	0.0
r_n	F_>|S|	r	0.0
r_n	F_>|S|<	r	0.0
r_n	F_>|S|<_F	r	0.0
r_n	F_>|S|F	r	0.0
r_n	F|S|	r	0.0
r_n	F|S|<	r	0.0
r_n	F|S|<_F	r	0.0
r_n	F|S|F	r	0.0
r_n	|S|#	r	0.0
r_n	|S|<	r	0.0
r_n	|S|<_F	r	0.0
r_n	|S|F	r	0.0
r_u	<|S|	e	0.0
r_u	<|S|#	e	0.0
r_u	|S|#	e	0.0
s	#|S|	s	0.042
s	#|S|<	s	0.032
s	#|S|<_F	s	0.025
s	#|S|>	s	0.032
s	#|S|F	s	0.032
s	<|S|	s	1.716
s	<|S|<	s	2.131
s	>|S|	s	0.342
s	>|S|	-	2.735
s	>|S|#	s	0.272
s	>|S|<	s	0.729
s	>|S|<	-	1.334
s	>|S|<_F	s	0.025
s	>|S|>	s	0.032
s	>|S|F	s	0.032
s	F_>|S|	s	0.339
s	F_>|S|	-	2.257
s	F_>|S|#	s	0.025
s	F_>|S|<	s	0.779
s	F_>|S|<	-	1.261
s	F_>|S|<_F	s	0.021
s	F_>|S|>	s	0.025
s	F_>|S|F	s	0.025
s	F|S|	s	0.314
s	F|S|	-	2.354
s	F|S|#	s	0.032
s	F|S|<	s	0.729
s	F|S|<	-	1.334
s	F|S|<_F	s	0.025
s	F|S|>	s	0.032
s	F|S|F	s	0.032
s	|S|#	s	0.256
s	|S|<	s	0.272
s	|S|<	-	3.009
s	|S|<_F	s	0.032
s	|S|>	s	0.042
s	|S|F	s	0.042
s_e̯ˈa	#|S|	s_ˈe	0.0
s_e̯ˈa	#|S|>	s_ˈe	0.0
s_e̯ˈa	#|S|>_R	s_ˈe	0.0
s_e̯ˈa	#|S|R	s_ˈe	0.0
s_e̯ˈa	|S|>	s_ˈe	0.0
s_e̯ˈa	|S|>_R	s_ˈe	0.0
s_e̯ˈa	|S|R	s_ˈe	0.0
s_t	#|S|	s_t	0.0
s_t	#|S|<	s_t	0.0
s_t	#|S|<_F	s_t	0.0
s_t	#|S|F	s_t	0.0
s_t	>|S|	s_t	0.0
s_t	>|S|<	s_t	0.0
s_t	>|S|<_R	s_t	0.0
s_t	>|S|R	s_t	0.0
s_t	F_>|S|	s_t	0.0
s_t	F_>|S|<	s_t	0.0
s_t	F|S|	s_t	0.0
s_t	F|S|<	s_t	0.0
s_t	|S|<	s_t	0.0
s_t	|S|<_F	s_t	0.0
s_t	|S|<_R	s_t	0.0
s_t	|S|F	s_t	0.0
s_t	|S|R	s_t	0.0
t	#|S|	t	2.404
t	#|S|	ð	3.907
t	#|S|	ʃ	4.907
t	#|S|<	t	2.819
t	#|S|<	ð	4.322
t	#|S|<_F	t	3.141
t	#|S|<_F	ð	4.644
t	#|S|<_R	t	3.141
t	#|S|<_R	ð	4.644
t	#|S|F	t	2.819
t	#|S|F	ð	4.322
t	#|S|R	t	2.819
t	#|S|R	ð	4.322
t	=|S|	t	0.538
t	=|S|	-	2.404
t	=|S|	ð	3.907
t	=|S|	ʃ	4.907
t	=|S|#	t	0.165
t	=|S|#	ð	4.322
t	=|S|<	t	0.64
t	=|S|<	-	1.907
t	=|S|<	ð	4.322
t	=|S|<_F	t	0.131
t	=|S|<_F	ð	4.644
t	=|S|F	t	0.165
t	=|S|F	ð	4.322
t	>|S|	t	0.937
t	>|S|	ð	2.255
t	>|S|	ʃ	3.255
t	>|S|	j_r	3.84
t	>|S|	-	4.441
t	>|S|#	t	0.165
t	>|S|#	ð	4.322
t	>|S|<	t	1.139
t	>|S|<	ð	2.074
t	>|S|<	ʃ	3.074
t	>|S|<	j_r	3.659
t	>|S|<	-	4.383
t	>|S|<_F	t	1.11
t	>|S|<_F	ð	2.059
t	>|S|<_F	ʃ	2.556
t	>|S|<_F	j_r	3.981
t	>|S|<_R	t	0.962
t	>|S|<_R	-	1.275
t	>|S|<_R	ð	4.644
t	>|S|F	t	1.09
t	>|S|F	ð	2.074
t	>|S|F	ʃ	2.594
t	>|S|F	j_r	3.976
t	>|S|R	t	0.953
t	>|S|R	-	1.352
t	>|S|R	ð	4.322
t	F_>|S|	t	0.757
t	F_>|S|	j_r	2.585
t	F_>|S|	ð	3.0
t	F_>|S|	-	3.447
t	F_>|S|#	t	0.131
t	F_>|S|#	ð	4.644
t	F_>|S|<	t	0.842
t	F_>|S|<	j_r	2.388
t	F_>|S|<	ð	2.956
t	F_>|S|<	-	3.29
t	F_>|S|<_F	t	0.475
t	F_>|S|<_F	j_r	2.188
t	F_>|S|<_F	ð	4.907
t	F_>|S|<_R	t	0.968
t	F_>|S|<_R	-	1.225
t	F_>|S|<_R	ð	4.907
t	F_>|S|F	t	0.487
t	F_>|S|F	j_r	2.229
t	F_>|S|F	ð	4.644
t	F_>|S|R	t	0.962
t	F_>|S|R	-	1.275
t	F_>|S|R	ð	4.644
t	F|S|	t	0.764
t	F|S|	j_r	2.684
t	F|S|	ð	2.907
t	F|S|	-	3.492
t	F|S|	ʃ	4.907
t	F|S|#	t	0.165
t	F|S|#	ð	4.322
t	F|S|<	t	0.841
t	F|S|<	j_r	2.447
t	F|S|<	ð	2.907
t	F|S|<	-	3.322
t	F|S|<_F	t	0.487
t	F|S|<_F	j_r	2.229
t	F|S|<_F	ð	4.644
t	F|S|<_R	t	0.962
t	F|S|<_R	-	1.275
t	F|S|<_R	ð	4.644
t	F|S|F	t	0.506
t	F|S|F	j_r	2.292
t	F|S|F	ð	4.322
t	F|S|R	t	0.953
t	F|S|R	-	1.352
t	F|S|R	ð	4.322
t	|S|#	t	0.225
t	|S|#	ð	3.907
t	|S|#	ʃ	4.907
t	|S|<	t	1.26
t	|S|<	ð	2.466
t	|S|<	ʃ	3.466
t	|S|<	-	4.051
t	|S|<	j_r	4.051
t	|S|<_F	t	1.179
t	|S|<_F	ð	2.322
t	|S|<_F	ʃ	2.862
t	|S|<_F	j_r	4.206
t	|S|<_R	t	1.352
t	|S|<_R	-	1.907
t	|S|<_R	ð	4.322
t	|S|F	t	1.134
t	|S|F	ð	2.322
t	|S|F	ʃ	2.907
t	|S|F	j_r	4.17
t	|S|R	t	1.282
t	|S|R	-	2.032
t	|S|R	ð	3.907
t	|S|R	ʃ	4.907
u	#|S|	u	2.35
u	#|S|	e	3.672
u	#|S|	-	4.672
u	#|S|>	u	2.766
u	#|S|>	e	4.087
u	#|S|>_R	u	3.087
u	#|S|>_R	e	4.409
u	#|S|R	u	2.766
u	#|S|R	e	4.087
u	<|S|	u	0.766
u	<|S|	e	2.087
u	<|S|	-	3.087
u	<|S|	y	4.087
u	<|S|#	u	1.333
u	<|S|#	e	1.695
u	<|S|#	-	1.84
u	<|S|<	e	0.306
u	<|S|<	u	2.766
u	<|S|<_F	e	0.239
u	<|S|<_F	u	3.087
u	<|S|>	u	0.586
u	<|S|>	e	2.521
u	<|S|>	-	3.521
u	<|S|>	y	3.788
u	<|S|>_F	u	0.124
u	<|S|>_F	e	4.409
u	<|S|>_N	u	0.124
u	<|S|>_N	e	4.409
u	<|S|>_R	u	0.95
u	<|S|>_R	e	1.161
u	<|S|F	u	0.938
u	<|S|F	e	1.205
u	<|S|N	u	0.157
u	<|S|N	e	4.087
u	<|S|R	u	0.938
u	<|S|R	e	1.205
u	|S|#	u	1.257
u	|S|#	e	1.734
u	|S|#	-	1.935
u	|S|<	e	0.424
u	|S|<	u	2.35
u	|S|<	-	4.672
u	|S|<_F	e	0.306
u	|S|<_F	u	2.766
u	|S|>	u	0.746
u	|S|>	e	2.579
u	|S|>	-	3.579
u	|S|>	y	3.965
u	|S|>_F	u	0.157
u	|S|>_F	e	4.087
u	|S|>_N	u	0.157
u	|S|>_N	e	4.087
u	|S|>_R	u	1.161
u	|S|>_R	e	1.479
u	|S|F	u	0.918
u	|S|F	e	1.28
u	|S|F	-	4.672
u	|S|N	u	0.213
u	|S|N	e	3.672
u	|S|N	-	4.672
u	|S|R	u	1.112
u	|S|R	e	1.535
u	|S|R	-	4.672
u_m	<|S|	ˈɛ	0.0
u_m	<|S|<	ˈɛ	0.0
u_m	|S|<	ˈɛ	0.0
v	#|S|	b	0.263
v	#|S|	b_j	2.585
v	#|S|<	b	0.263
v	#|S|<	b_j	2.585
v	#|S|<_F	b	0.31
v	#|S|<_F	b_j	2.371
v	#|S|F	b	0.307
v	#|S|F	b_j	2.383
v	|S|<	b	0.263
v	|S|<	b_j	2.585
v	|S|<_F	b	0.307
v	|S|<_F	b_j	2.383
v	|S|F	b	0.302
v	|S|F	b_j	2.404
w	>|S|	w	1.206
w	>|S|	-	2.206
w	>|S|	ˈe_w	2.206
w	>|S|#	w	1.163
w	>|S|#	ˈe_w	1.853
w	>|S|#	-	4.0
w	>|S|<	w	1.0
w	>|S|<	-	1.193
w	>|S|<	ˈe_w	4.0
w	>|S|>	-	0.3
w	>|S|>	w	3.0
w	>|S|>	ˈe_w	4.0
w	F_>|S|	w	1.0
w	F_>|S|	-	4.0
w	F_>|S|	ˈe_w	4.0
w	F_>|S|#	w	1.0
w	F_>|S|#	-	4.322
w	F_>|S|#	ˈe_w	4.322
w	F|S|	w	1.0
w	F|S|	-	3.585
w	F|S|	ˈe_w	3.585
w	F|S|#	w	1.0
w	F|S|#	-	4.0
w	F|S|#	ˈe_w	4.0
w	|S|#	w	1.144
w	|S|#	ˈe_w	1.869
w	|S|#	-	3.585
w	|S|<	w	1.0
w	|S|<	-	1.263
w	|S|<	ˈe_w	3.585
w	|S|>	-	0.415
w	|S|>	w	2.585
w	|S|>	ˈe_w	3.585
z	#|S|	d	0.0
z	#|S|<	d	0.0
z	#|S|<_F	d	0.0
z	#|S|F	d	0.0
z	>|S|	d	1.585
z	>|S|#	d	2.0
z	F_>|S|	d	2.0
z	F_>|S|#	d	2.322
z	F|S|	d	1.585
z	F|S|#	d	2.0
z	|S|#	d	1.585
z	|S|<	d	0.0
z	|S|<_F	d	0.0
z	|S|F	d	0.0
z_b	#|S|	b	0.0
z_b	#|S|<	b	0.0
z_b	|S|<	b	0.0
ŋ	>|S|	ŋ	0.363
ŋ	>|S|>	ŋ	0.415
ŋ	|S|>	ŋ	0.363
ə	<|S|	ɔ	0.545
ə	<|S|	a	3.499
ə	<|S|	e	3.915
ə	<|S|#	ɔ	0.473
ə	<|S|#	a	4.067
ə	<|S|#	e	4.78
ə	<|S|>	a	1.616
ə	<|S|>	e	1.645
ə	<|S|>	ɔ	2.294
ə	<|S|>_N	ɔ	2.616
ə	<|S|N	ɔ	2.294
ə	|S|#	ɔ	0.452
ə	|S|#	a	3.95
ə	|S|#	e	4.604
ə	|S|>	a	1.729
ə	|S|>	e	1.771
ə	|S|>	ɔ	1.879
ə	|S|>_N	ɔ	2.294
ə	|S|N	ɔ	1.879
ə	|S|N	a	4.833
ɡ	#|S|	ɡ	0.126
ɡ	#|S|	ɣ	3.585
ɡ	#|S|<	ɡ	0.093
ɡ	#|S|<	ɣ	4.0
ɡ	#|S|<_F	ɡ	0.074
ɡ	#|S|<_F	ɣ	4.322
ɡ	#|S|<_R	ɡ	0.074
ɡ	#|S|<_R	ɣ	4.322
ɡ	#|S|F	ɡ	0.093
ɡ	#|S|F	ɣ	4.0
ɡ	#|S|R	ɡ	0.093
ɡ	#|S|R	ɣ	4.0
ɡ	>|S|	ɡ	1.263
ɡ	>|S|	ɣ	1.263
ɡ	>|S|#	ɡ	2.415
ɡ	>|S|#	ɣ	4.0
ɡ	>|S|<	ɣ	0.83
ɡ	>|S|<	ɡ	1.193
ɡ	>|S|<_F	ɡ	0.074
ɡ	>|S|<_F	ɣ	4.322
ɡ	>|S|<_R	ɣ	0.234
ɡ	>|S|<_R	ɡ	2.737
ɡ	>|S|F	ɡ	0.093
ɡ	>|S|F	ɣ	4.0
ɡ	>|S|R	ɣ	0.3
ɡ	>|S|R	ɡ	2.415
ɡ	F_>|S|	ɣ	0.3
ɡ	F_>|S|	ɡ	2.415
ɡ	F_>|S|<	ɣ	0.234
ɡ	F_>|S|<	ɡ	2.737
ɡ	F_>|S|<_R	ɣ	0.193
ɡ	F_>|S|<_R	ɡ	3.0
ɡ	F_>|S|R	ɣ	0.234
ɡ	F_>|S|R	ɡ	2.737
ɡ	F|S|	ɣ	0.415
ɡ	F|S|	ɡ	2.0
ɡ	F|S|<	ɣ	0.3
ɡ	F|S|<	ɡ	2.415
ɡ	F|S|<_R	ɣ	0.234
ɡ	F|S|<_R	ɡ	2.737
ɡ	F|S|R	ɣ	0.3
ɡ	F|S|R	ɡ	2.415
ɡ	|S|#	ɡ	2.0
ɡ	|S|#	ɣ	3.585
ɡ	|S|<	ɡ	0.415
ɡ	|S|<	ɣ	2.0
ɡ	|S|<_F	ɡ	0.093
ɡ	|S|<_F	ɣ	4.0
ɡ	|S|<_R	ɡ	0.541
ɡ	|S|<_R	ɣ	1.678
ɡ	|S|F	ɡ	0.126
ɡ	|S|F	ɣ	3.585
ɡ	|S|R	ɡ	0.526
ɡ	|S|R	ɣ	1.71
ɨ_n	#|S|	n	0.0
ɨ_n	#|S|<	n	0.0
ɨ_n	<|S|	n	0.0
ɨ_n	<|S|>	n	0.0
ɨ_n	|S|<	n	0.0
ɨ_n	|S|>	n	0.0
ʃ	#|S|	s	0.263
ʃ	#|S|	j	3.322
ʃ	#|S|	-	3.907
ʃ	#|S|<	s	0.193
ʃ	#|S|<	j	3.737
ʃ	#|S|<	-	4.322
ʃ	#|S|<_F	s	0.152
ʃ	#|S|<_F	j	4.059
ʃ	#|S|<_F	-	4.644
ʃ	#|S|F	s	0.193
ʃ	#|S|F	j	3.737
ʃ	#|S|F	-	4.322
ʃ	>|S|	j	1.374
ʃ	>|S|	s	1.485
ʃ	>|S|	-	1.959
ʃ	>|S|<	-	0.862
ʃ	>|S|<	s	1.415
ʃ	>|S|<	j	3.737
ʃ	>|S|<_F	s	0.152
ʃ	>|S|<_F	j	4.059
ʃ	>|S|<_F	-	4.644
ʃ	>|S|>	j	0.65
ʃ	>|S|>	s	1.678
ʃ	>|S|>	-	4.322
ʃ	>|S|F	s	0.193
ʃ	>|S|F	j	3.737
ʃ	>|S|F	-	4.322
ʃ	F_>|S|	j	0.798
ʃ	F_>|S|	-	1.737
ʃ	F_>|S|	s	3.0
ʃ	F_>|S|<	-	0.252
ʃ	F_>|S|<	s	3.322
ʃ	F_>|S|<	j	4.059
ʃ	F_>|S|>	j	0.218
ʃ	F_>|S|>	s	3.322
ʃ	F_>|S|>	-	4.644
ʃ	F|S|	j	0.877
ʃ	F|S|	-	1.791
ʃ	F|S|	s	2.585
ʃ	F|S|<	-	0.322
ʃ	F|S|<	s	3.0
ʃ	F|S|<	j	3.737
ʃ	F|S|>	j	0.278
ʃ	F|S|>	s	3.0
ʃ	F|S|>	-	4.322
ʃ	|S|<	s	0.71
ʃ	|S|<	-	1.791
ʃ	|S|<	j	3.322
ʃ	|S|<_F	s	0.193
ʃ	|S|<_F	j	3.737
ʃ	|S|<_F	-	4.322
ʃ	|S|>	j	0.737
ʃ	|S|>	s	1.585
ʃ	|S|>	-	3.907
ʃ	|S|F	s	0.263
ʃ	|S|F	j	3.322
ʃ	|S|F	-	3.907
ʒ	#|S|	ʒ	0.0
ʒ	#|S|<	ʒ	0.0
ʒ	>|S|	ʒ	0.0
ʒ	>|S|<	ʒ	0.0
ʒ	F_>|S|	ʒ	0.0
ʒ	F_>|S|<	ʒ	0.0
ʒ	F|S|	ʒ	0.0
ʒ	F|S|<	ʒ	0.0
ʒ	|S|<	ʒ	0.0
ʤ	#|S|	ʒ	0.144
ʤ	#|S|	-	3.392
ʤ	#|S|<	ʒ	0.107
ʤ	#|S|<	-	3.807
ʤ	#|S|<_F	ʒ	0.085
ʤ	#|S|<_F	-	4.129
ʤ	#|S|F	ʒ	0.107
ʤ	#|S|F	-	3.807
ʤ	>|S|	ʒ	0.807
ʤ	>|S|	-	1.222
ʤ	>|S|<	ʒ	0.853
ʤ	>|S|<	-	1.163
ʤ	>|S|<_F	ʒ	0.881
ʤ	>|S|<_F	-	1.129
ʤ	>|S|F	ʒ	0.853
ʤ	>|S|F	-	1.163
ʤ	|S|<	ʒ	0.485
ʤ	|S|<	-	1.807
ʤ	|S|<_F	ʒ	0.485
ʤ	|S|<_F	-	1.807
ʤ	|S|F	ʒ	0.485
ʤ	|S|F	-	1.807
ʦ	#|S|	t	0.392
ʦ	#|S|	-	2.807
ʦ	#|S|	ʦ	3.392
ʦ	#|S|<	t	0.284
ʦ	#|S|<	-	3.222
ʦ	#|S|<	ʦ	3.807
ʦ	#|S|<_F	t	0.222
ʦ	#|S|<_F	-	3.544
ʦ	#|S|<_F	ʦ	4.129
ʦ	#|S|F	t	0.284
ʦ	#|S|F	-	3.222
ʦ	#|S|F	ʦ	3.807
ʦ	>|S|	-	0.881
ʦ	>|S|	ʦ	1.466
ʦ	>|S|	t	3.392
ʦ	>|S|#	ʦ	0.284
ʦ	>|S|#	-	3.222
ʦ	>|S|#	t	3.807
ʦ	>|S|<	-	0.222
ʦ	>|S|<	t	3.807
ʦ	>|S|<	ʦ	3.807
ʦ	>|S|<_F	-	0.175
ʦ	>|S|<_F	t	4.129
ʦ	>|S|<_F	ʦ	4.129
ʦ	>|S|F	-	0.222
ʦ	>|S|F	t	3.807
ʦ	>|S|F	ʦ	3.807
ʦ	F_>|S|	-	0.579
ʦ	F_>|S|	ʦ	1.949
ʦ	F_>|S|	t	3.807
ʦ	F_>|S|#	ʦ	0.222
ʦ	F_>|S|#	-	3.544
ʦ	F_>|S|#	t	4.129
ʦ	F_>|S|<	-	0.175
ʦ	F_>|S|<	t	4.129
ʦ	F_>|S|<	ʦ	4.129
ʦ	F_>|S|<_F	-	0.144
ʦ	F_>|S|<_F	t	4.392
ʦ	F_>|S|<_F	ʦ	4.392
ʦ	F_>|S|F	-	0.175
ʦ	F_>|S|F	t	4.129
ʦ	F_>|S|F	ʦ	4.129
ʦ	F|S|	-	0.637
ʦ	F|S|	ʦ	1.933
ʦ	F|S|	t	3.392
ʦ	F|S|#	ʦ	0.284
ʦ	F|S|#	-	3.222
ʦ	F|S|#	t	3.807
ʦ	F|S|<	-	0.222
ʦ	F|S|<	t	3.807
ʦ	F|S|<	ʦ	3.807
ʦ	F|S|<_F	-	0.175
ʦ	F|S|<_F	t	4.129
ʦ	F|S|<_F	ʦ	4.129
ʦ	F|S|F	-	0.222
ʦ	F|S|F	t	3.807
ʦ	F|S|F	ʦ	3.807
ʦ	|S|#	ʦ	0.392
ʦ	|S|#	-	2.807
ʦ	|S|#	t	3.392
ʦ	|S|<	-	0.881
ʦ	|S|<	t	1.466
ʦ	|S|<	ʦ	3.392
ʦ	|S|<_F	-	1.052
ʦ	|S|<_F	t	1.163
ʦ	|S|<_F	ʦ	3.807
ʦ	|S|F	-	1.07
ʦ	|S|F	t	1.222
ʦ	|S|F	ʦ	3.392
ʦʲ	>|S|	t_s	0.0
ʦʲ	>|S|#	t_s	0.0
ʦʲ	|S|#	t_s	0.0
ʧ	#|S|	s	2.585
ʧ	#|S|	z	2.585
ʧ	#|S|<	s	3.0
ʧ	#|S|<	z	3.0
ʧ	#|S|<_F	s	3.322
ʧ	#|S|<_F	z	3.322
ʧ	#|S|F	s	3.0
ʧ	#|S|F	z	3.0
ʧ	>|S|	s	1.0
ʧ	>|S|	z	1.0
ʧ	>|S|<	s	1.0
ʧ	>|S|<	z	1.0
ʧ	>|S|<_F	s	1.0
ʧ	>|S|<_F	z	1.0
ʧ	>|S|F	s	1.0
ʧ	>|S|F	z	1.0
ʧ	F_>|S|	z	0.193
ʧ	F_>|S|	s	3.0
ʧ	F_>|S|<	z	0.152
ʧ	F_>|S|<	s	3.322
ʧ	F_>|S|<_F	z	0.126
ʧ	F_>|S|<_F	s	3.585
ʧ	F_>|S|F	z	0.152
ʧ	F_>|S|F	s	3.322
ʧ	F|S|	z	0.263
ʧ	F|S|	s	2.585
ʧ	F|S|<	z	0.193
ʧ	F|S|<	s	3.0
ʧ	F|S|<_F	z	0.152
ʧ	F|S|<_F	s	3.322
ʧ	F|S|F	z	0.193
ʧ	F|S|F	s	3.0
ʧ	|S|<	s	1.848
ʧ	|S|<	z	1.848
ʧ	|S|<_F	s	2.0
ʧ	|S|<_F	z	2.0
ʧ	|S|F	s	1.848
ʧ	|S|F	z	1.848
ʧ_e	>|S|	ʦ	0.0
ʧ_e	>|S|#	ʦ	0.0
ʧ_e	F_>|S|	ʦ	0.0
ʧ_e	F_>|S|#	ʦ	0.0
ʧ_e	F|S|	ʦ	0.0
ʧ_e	F|S|#	ʦ	0.0
ʧ_e	|S|#	ʦ	0.0
ʧʲ	>|S|	-	0.0
ʧʲ	>|S|#	-	0.0
ʧʲ	|S|#	-	0.0
ˈa	#|S|	ˈa	1.75
ˈa	#|S|	ˈɛ	4.794
ˈa	#|S|>	ˈa	2.165
ˈa	#|S|>_F	ˈa	2.487
ˈa	#|S|>_N	ˈa	2.487
ˈa	#|S|>_R	ˈa	2.487
ˈa	#|S|F	ˈa	2.165
ˈa	#|S|N	ˈa	2.165
ˈa	#|S|R	ˈa	2.165
ˈa	<|S|	ˈa	0.215
ˈa	<|S|	ˈɛ	3.26
ˈa	<|S|>	ˈa	0.222
ˈa	<|S|>	ˈɛ	3.266
ˈa	<|S|>_N	ˈa	0.032
ˈa	<|S|>_R	ˈa	0.107
ˈa	<|S|>_R	ˈɛ	3.803
ˈa	<|S|N	ˈa	0.04
ˈa	<|S|R	ˈa	0.111
ˈa	<|S|R	ˈɛ	3.758
ˈa	F_<|S|	ˈa	2.165
ˈa	F_<|S|>	ˈa	2.487
ˈa	F|S|	ˈa	1.75
ˈa	F|S|	ˈɛ	4.794
ˈa	F|S|>	ˈa	2.165
ˈa	|S|>	ˈa	0.347
ˈa	|S|>	ˈɛ	3.391
ˈa	|S|>_F	ˈa	2.165
ˈa	|S|>_N	ˈa	0.468
ˈa	|S|>_R	ˈa	0.177
ˈa	|S|>_R	ˈɛ	3.813
ˈa	|S|F	ˈa	1.75
ˈa	|S|F	ˈɛ	4.794
ˈa	|S|N	ˈa	0.431
ˈa	|S|N	ˈɛ	4.794
ˈa	|S|R	ˈa	0.175
ˈa	|S|R	ˈɛ	3.732
ˈau̯	<|S|	-	0.0
ˈau̯	<|S|>	-	0.0
ˈau̯	<|S|>_R	-	0.0
ˈau̯	<|S|R	-	0.0
ˈau̯	|S|>	-	0.0
ˈau̯	|S|>_R	-	0.0
ˈau̯	|S|R	-	0.0
ˈe	<|S|	ˈe	1.039
ˈe	<|S|	ˈɛ	1.624
ˈe	<|S|	e	2.624
ˈe	<|S|#	ˈe	0.193
ˈe	<|S|#	ˈɛ	3.585
ˈe	<|S|#	e	4.585
ˈe	<|S|>	ˈe	1.093
ˈe	<|S|>	ˈɛ	1.585
ˈe	<|S|>	e	2.585
ˈe	<|S|>_F	ˈe	0.152
ˈe	<|S|>_F	ˈɛ	3.907
ˈe	<|S|>_F	e	4.907
ˈe	<|S|>_N	ˈe	0.152
ˈe	<|S|>_N	ˈɛ	3.907
ˈe	<|S|>_N	e	4.907
ˈe	<|S|>_R	e	1.501
ˈe	<|S|>_R	ˈe	1.556
ˈe	<|S|>_R	ˈɛ	1.705
ˈe	<|S|F	ˈe	0.193
ˈe	<|S|F	ˈɛ	3.585
ˈe	<|S|F	e	4.585
ˈe	<|S|N	ˈe	0.193
ˈe	<|S|N	ˈɛ	3.585
ˈe	<|S|N	e	4.585
ˈe	<|S|R	ˈe	1.515
ˈe	<|S|R	e	1.549
ˈe	<|S|R	ˈɛ	1.697
ˈe	F_<|S|	ˈe	1.0
ˈe	F_<|S|	ˈɛ	1.126
ˈe	F_<|S|	e	4.585
ˈe	F_<|S|>	ˈe	1.0
ˈe	F_<|S|>	ˈɛ	1.1
ˈe	F_<|S|>	e	4.907
ˈe	F_<|S|>_R	ˈe	1.0
ˈe	F_<|S|>_R	ˈɛ	1.082
ˈe	F_<|S|R	ˈe	1.0
ˈe	F_<|S|R	ˈɛ	1.1
ˈe	F_<|S|R	e	4.907
ˈe	F|S|	ˈe	1.0
ˈe	F|S|	ˈɛ	1.17
ˈe	F|S|	e	4.17
ˈe	F|S|>	ˈe	1.0
ˈe	F|S|>	ˈɛ	1.126
ˈe	F|S|>	e	4.585
ˈe	F|S|>_R	ˈe	1.0
ˈe	F|S|>_R	ˈɛ	1.1
ˈe	F|S|>_R	e	4.907
ˈe	F|S|R	ˈe	1.0
ˈe	F|S|R	ˈɛ	1.126
ˈe	F|S|R	e	4.585
ˈe	|S|#	ˈe	0.263
ˈe	|S|#	ˈɛ	3.17
ˈe	|S|#	e	4.17
ˈe	|S|>	ˈe	1.082
ˈe	|S|>	ˈɛ	1.585
ˈe	|S|>	e	2.585
ˈe	|S|>_F	ˈe	0.193
ˈe	|S|>_F	ˈɛ	3.585
ˈe	|S|>_F	e	4.585
ˈe	|S|>_N	ˈe	0.193
ˈe	|S|>_N	ˈɛ	3.585
ˈe	|S|>_N	e	4.585
ˈe	|S|>_R	ˈe	1.515
ˈe	|S|>_R	e	1.549
ˈe	|S|>_R	ˈɛ	1.697
ˈe	|S|F	ˈe	0.263
ˈe	|S|F	ˈɛ	3.17
ˈe	|S|F	e	4.17
ˈe	|S|N	ˈe	0.263
ˈe	|S|N	ˈɛ	3.17
ˈe	|S|N	e	4.17
ˈe	|S|R	ˈe	1.447
ˈe	|S|R	e	1.634
ˈe	|S|R	ˈɛ	1.684
ˈe_l	<|S|	t	0.0
ˈe_l	<|S|#	t	0.0
ˈe_l	<|S|<	t	0.0
ˈe_l	<|S|<_F	t	0.0
ˈe_l	<|S|F	t	0.0
ˈe_l	F_<|S|	t	0.0
ˈe_l	F_<|S|#	t	0.0
ˈe_l	F_<|S|<	t	0.0
ˈe_l	F_<|S|<_F	t	0.0
ˈe_l	F_<|S|F	t	0.0
ˈe_l	F|S|	t	0.0
ˈe_l	F|S|#	t	0.0
ˈe_l	F|S|<	t	0.0
ˈe_l	F|S|<_F	t	0.0
ˈe_l	F|S|F	t	0.0
ˈe_l	|S|#	t	0.0
ˈe_l	|S|<	t	0.0
ˈe_l	|S|<_F	t	0.0
ˈe_l	|S|F	t	0.0
ˈi	#|S|	-	0.515
ˈi	#|S|	ˈi	2.244
ˈi	#|S|	ˈe	3.492
ˈi	#|S|>	-	0.368
ˈi	#|S|>	ˈi	2.659
ˈi	#|S|>	ˈe	3.907
ˈi	#|S|>_N	-	0.286
ˈi	#|S|>_N	ˈi	2.981
ˈi	#|S|>_N	ˈe	4.229
ˈi	#|S|N	-	0.368
ˈi	#|S|N	ˈi	2.659
ˈi	#|S|N	ˈe	3.907
ˈi	<|S|	ˈi	0.626
ˈi	<|S|	ˈe	1.874
ˈi	<|S|	-	3.656
ˈi	<|S|#	ˈi	0.139
ˈi	<|S|#	ˈe	3.907
ˈi	<|S|<	ˈi	0.139
ˈi	<|S|<	ˈe	3.907
ˈi	<|S|<_F	ˈi	0.11
ˈi	<|S|<_F	ˈe	4.229
ˈi	<|S|>	ˈi	0.717
ˈi	<|S|>	ˈe	1.705
ˈi	<|S|>	-	3.556
ˈi	<|S|>_N	ˈe	0.705
ˈi	<|S|>_N	ˈi	1.447
ˈi	<|S|>_R	ˈi	0.334
ˈi	<|S|>_R	-	2.705
ˈi	<|S|>_R	ˈe	4.229
ˈi	<|S|F	ˈi	0.139
ˈi	<|S|F	ˈe	3.907
ˈi	<|S|N	ˈe	0.757
ˈi	<|S|N	ˈi	1.383
ˈi	<|S|R	ˈi	0.352
ˈi	<|S|R	-	2.737
ˈi	<|S|R	ˈe	3.907
ˈi	|S|#	ˈi	0.188
ˈi	|S|#	ˈe	3.492
ˈi	|S|#	-	4.907
ˈi	|S|<	ˈi	0.188
ˈi	|S|<	ˈe	3.492
ˈi	|S|<	-	4.907
ˈi	|S|<_F	ˈi	0.139
ˈi	|S|<_F	ˈe	3.907
ˈi	|S|>	ˈi	0.747
ˈi	|S|>	ˈe	1.766
ˈi	|S|>	-	3.181
ˈi	|S|>_N	ˈe	0.878
ˈi	|S|>_N	ˈi	1.462
ˈi	|S|>_N	-	3.424
ˈi	|S|>_R	ˈi	0.352
ˈi	|S|>_R	-	2.737
ˈi	|S|>_R	ˈe	3.907
ˈi	|S|F	ˈi	0.188
ˈi	|S|F	ˈe	3.492
ˈi	|S|F	-	4.907
ˈi	|S|N	ˈe	0.963
ˈi	|S|N	ˈi	1.348
ˈi	|S|N	-	3.412
ˈi	|S|R	ˈi	0.383
ˈi	|S|R	-	2.791
ˈi	|S|R	ˈe	3.492
ˈo	#|S|	ˈɔ	1.392
ˈo	#|S|	ˈu	4.392
ˈo	#|S|	u	4.977
ˈo	#|S|	w	4.977
ˈo	#|S|	ˈa	4.977
ˈo	#|S|	ˈy	4.977
ˈo	#|S|>	ˈɔ	1.438
ˈo	#|S|>	ˈu	4.807
ˈo	#|S|>_N	ˈɔ	0.16
ˈo	#|S|N	ˈɔ	0.202
ˈo	#|S|N	ˈu	4.807
ˈo	<|S|	ˈɔ	1.233
ˈo	<|S|	ˈu	2.76
ˈo	<|S|	u	3.345
ˈo	<|S|	w	3.345
ˈo	<|S|	ˈa	3.345
ˈo	<|S|	ˈy	3.345
ˈo	<|S|>	ˈɔ	1.255
ˈo	<|S|>	ˈu	2.754
ˈo	<|S|>	u	3.339
ˈo	<|S|>	w	3.339
ˈo	<|S|>	ˈa	3.339
ˈo	<|S|>	ˈy	3.339
ˈo	<|S|>_F	u	0.856
ˈo	<|S|>_F	ˈu	1.76
ˈo	<|S|>_F	ˈɔ	3.392
ˈo	<|S|>_R	ˈɔ	0.444
ˈo	<|S|>_R	ˈy	2.482
ˈo	<|S|F	u	0.933
ˈo	<|S|F	ˈu	1.807
ˈo	<|S|F	ˈɔ	3.07
ˈo	<|S|R	ˈɔ	0.476
ˈo	<|S|R	ˈy	2.524
ˈo	<|S|R	ˈu	4.807
ˈo	|S|>	ˈɔ	1.268
ˈo	|S|>	ˈu	3.005
ˈo	|S|>	u	3.59
ˈo	|S|>	w	3.59
ˈo	|S|>	ˈa	3.59
ˈo	|S|>	ˈy	3.59
ˈo	|S|>_F	u	0.933
ˈo	|S|>_F	ˈu	1.807
ˈo	|S|>_F	ˈɔ	3.07
ˈo	|S|>_N	ˈɔ	0.202
ˈo	|S|>_N	ˈu	4.807
ˈo	|S|>_R	ˈɔ	0.476
ˈo	|S|>_R	ˈy	2.524
ˈo	|S|>_R	ˈu	4.807
ˈo	|S|F	u	1.07
ˈo	|S|F	ˈu	1.89
ˈo	|S|F	ˈɔ	2.655
ˈo	|S|F	w	4.977
ˈo	|S|F	ˈa	4.977
ˈo	|S|F	ˈy	4.977
ˈo	|S|N	ˈɔ	0.277
ˈo	|S|N	ˈu	4.392
ˈo	|S|N	u	4.977
ˈo	|S|N	w	4.977
ˈo	|S|N	ˈa	4.977
ˈo	|S|N	ˈy	4.977
ˈo	|S|R	ˈɔ	0.531
ˈo	|S|R	ˈy	2.599
ˈo	|S|R	ˈu	4.392
ˈo	|S|R	u	4.977
ˈo	|S|R	w	4.977
ˈo	|S|R	ˈa	4.977
ˈu	#|S|	ˈy	0.848
ˈu	#|S|	ˈu	1.237
ˈu	#|S|>	ˈy	0.778
ˈu	#|S|>	ˈu	1.316
ˈu	#|S|>_N	ˈy	0.206
ˈu	#|S|>_N	ˈu	3.044
ˈu	#|S|>_R	ˈu	0.118
ˈu	#|S|>_R	ˈy	3.907
ˈu	#|S|N	ˈy	0.263
ˈu	#|S|N	ˈu	2.722
ˈu	#|S|R	ˈu	0.15
ˈu	#|S|R	ˈy	3.585
ˈu	<|S|	ˈu	0.712
ˈu	<|S|	ˈy	1.715
ˈu	<|S|	ˈe	3.984
ˈu	<|S|#	ˈy	0.263
ˈu	<|S|#	ˈu	2.722
ˈu	<|S|>	ˈu	0.675
ˈu	<|S|>	ˈy	1.819
ˈu	<|S|>	ˈe	3.94
ˈu	<|S|>_N	ˈu	0.611
ˈu	<|S|>_N	ˈy	1.837
ˈu	<|S|>_N	ˈe	3.933
ˈu	<|S|>_R	ˈu	0.611
ˈu	<|S|>_R	ˈy	1.585
ˈu	<|S|N	ˈu	0.618
ˈu	<|S|N	ˈy	1.819
ˈu	<|S|N	ˈe	3.94
ˈu	<|S|R	ˈu	0.618
ˈu	<|S|R	ˈy	1.585
ˈu	F_<|S|	ˈu	0.15
ˈu	F_<|S|	ˈy	3.585
ˈu	F_<|S|>	ˈu	0.118
ˈu	F_<|S|>	ˈy	3.907
ˈu	F_<|S|>_N	ˈu	0.098
ˈu	F_<|S|>_N	ˈy	4.17
ˈu	F_<|S|N	ˈu	0.118
ˈu	F_<|S|N	ˈy	3.907
ˈu	F|S|	ˈu	0.203
ˈu	F|S|	ˈy	3.17
ˈu	F|S|>	ˈu	0.15
ˈu	F|S|>	ˈy	3.585
ˈu	F|S|>_N	ˈu	0.118
ˈu	F|S|>_N	ˈy	3.907
ˈu	F|S|N	ˈu	0.15
ˈu	F|S|N	ˈy	3.585
ˈu	|S|#	ˈy	0.363
ˈu	|S|#	ˈu	2.307
ˈu	|S|>	ˈu	0.722
ˈu	|S|>	ˈy	1.675
ˈu	|S|>	ˈe	4.044
ˈu	|S|>_N	ˈu	0.755
ˈu	|S|>_N	ˈy	1.523
ˈu	|S|>_N	ˈe	4.077
ˈu	|S|>_R	ˈu	0.486
ˈu	|S|>_R	ˈy	1.885
ˈu	|S|N	ˈu	0.751
ˈu	|S|N	ˈy	1.529
ˈu	|S|N	ˈe	4.073
ˈu	|S|R	ˈu	0.51
ˈu	|S|R	ˈy	1.848
ˈu_p	<|S|	ˈy	0.0
ˈu_p	<|S|=	ˈy	0.0
ˈu_p	|S|=	ˈy	0.0
ˈə	<|S|	-	0.0
ˈə	<|S|#	-	0.0
ˈə	<|S|>	-	0.0
ˈə	<|S|>_R	-	0.0
ˈə	<|S|R	-	0.0
ˈə	|S|#	-	0.0
ˈə	|S|>	-	0.0
ˈə	|S|>_R	-	0.0
ˈə	|S|R	-	0.0
ˈɨ	#|S|	ˈa	0.066
ˈɨ	#|S|	-	4.492
ˈɨ	#|S|>	ˈa	0.049
ˈɨ	#|S|>	-	4.907
ˈɨ	#|S|>_N	ˈa	0.039
ˈɨ	#|S|N	ˈa	0.049
ˈɨ	#|S|N	-	4.907
ˈɨ	<|S|	ˈa	0.217
ˈɨ	<|S|	-	2.84
ˈɨ	<|S|>	ˈa	0.218
ˈɨ	<|S|>	-	2.832
ˈɨ	<|S|>_F	ˈa	0.039
ˈɨ	<|S|>_N	ˈa	0.177
ˈɨ	<|S|>_N	-	3.113
ˈɨ	<|S|F	ˈa	0.049
ˈɨ	<|S|F	-	4.907
ˈɨ	<|S|N	ˈa	0.179
ˈɨ	<|S|N	-	3.1
ˈɨ	|S|>	ˈa	0.206
ˈɨ	|S|>	-	2.907
ˈɨ	|S|>_F	ˈa	0.049
ˈɨ	|S|>_F	-	4.907
ˈɨ	|S|>_N	ˈa	0.165
ˈɨ	|S|>_N	-	3.206
ˈɨ	|S|F	ˈa	0.066
ˈɨ	|S|F	-	4.492
ˈɨ	|S|N	ˈa	0.17
ˈɨ	|S|N	-	3.17